time_s,rigid_rotation_x_deg,rigid_rotation_y_deg,rigid_rotation_z_deg,left_bore_centroid_dx_m,left_bore_centroid_dy_m,left_bore_centroid_transverse_m,right_bore_centroid_dx_m,right_bore_centroid_dy_m,right_bore_centroid_transverse_m,left_front_bore_centroid_dx_m,left_front_bore_centroid_dy_m,left_front_bore_centroid_transverse_m,left_front_bore_minimum_sampled_cable_clearance_m,right_front_bore_centroid_dx_m,right_front_bore_centroid_dy_m,right_front_bore_centroid_transverse_m,right_front_bore_minimum_sampled_cable_clearance_m
0.0,5.782366780711378e-17,6.683528377765236e-17,-5.3805814452967993e-17,0.0,0.0,0.0,0.0,0.0,0.0,0.0,0.0,0.0,0.0015398999673921277,0.0,0.0,0.0,0.0015398999673921277
9.989999999999974e-06,0.0005446251238901159,5.056875326222168e-07,-3.2150559640409745e-08,0.0,-1.1508277091390981e-38,1.1508277091390981e-38,0.0,-3.1907292103512888e-40,3.1907292103512888e-40,4.26510678626831e-16,8.063551921835863e-15,8.074823896229907e-15,0.001539899967295299,-7.638334409421077e-15,4.66707905992286e-15,8.951300436345351e-15,0.0015398999673555788
1.9979999999999985e-05,0.003662637749350146,2.335441810588591e-07,-4.620080556194266e-06,0.0,-3.591234108986009e-28,3.591234108986009e-28,0.0,1.628259260468205e-27,1.628259260468205e-27,4.042912926660591e-09,2.7562262655634586e-08,2.785719777060766e-08,0.0015396498272020726,-2.7516151406929237e-08,1.1142598907205827e-08,2.9686631648873845e-08,0.0015396096089448897
2.996999999999993e-05,0.009121403613656872,-4.201119107357948e-06,-1.331509282399212e-05,3.382710778154774e-17,8.546478025954623e-17,9.191573252537877e-17,-3.8163916471489756e-17,1.8596364381701587e-17,4.2453613375776e-17,8.089562923530025e-07,1.847195656144953e-06,2.0165669031842955e-06,0.0015208075284235613,-2.6235458847542747e-06,8.176413790456845e-07,2.748004809700816e-06,0.001517207357099018
3.995999999982653e-05,0.016074248131731642,-2.526628906267731e-05,-2.47338824940458e-05,3.2955040606130748e-12,8.113736860799283e-12,8.757458127779446e-12,-5.372735242814564e-12,2.978242806038704e-12,6.142980888876585e-12,4.14418879607729e-06,1.0297386297902795e-06,4.270206367754947e-06,0.0015169000681181598,-3.1784480974896463e-06,2.6318276243605233e-06,4.126626824996744e-06,0.0015205805702575522
4.99499995869668e-05,0.02407263082815237,-5.939230813634374e-05,-2.8531177745311154e-05,3.846421898438118e-09,8.581402080262136e-09,9.404011010409952e-09,-6.4232477310112446e-09,4.684992020103779e-09,7.950299468722999e-09,5.7408594471800025e-06,-1.236017659349662e-05,1.3628331982113495e-05,0.0014806134921119857,9.036256326217424e-06,-1.9509421788997328e-08,9.036277386769563e-06,0.0015077252869225657
5.9939949594887284e-05,0.03349173957636423,-0.0001792569717842136,-2.1965160814148037e-05,2.0900272379095752e-07,3.6359064769681505e-07,4.193808503551739e-07,-2.2495819522504526e-07,2.407784472372118e-07,3.2951547801715227e-07,-3.670234940091055e-06,-2.5278076177504792e-05,2.5543135276453446e-05,0.001485388799443438,2.6167953218933967e-05,-9.871074987861546e-06,2.7967836832409874e-05,0.0015085149733910235
6.992943033724811e-05,0.045198214586419615,-0.0003759670807608999,4.770429769187214e-06,1.9007179614962365e-06,2.5215329639581443e-06,3.157666425935766e-06,-1.4021761521060966e-06,1.5727115373728275e-06,2.107016739686864e-06,-2.014365866181931e-05,-2.6100962298355418e-05,3.297009580186353e-05,0.0014565878635942509,4.023529671479953e-05,-1.5916375430591754e-05,4.3269043305526213e-05,0.0014839376697045538
7.99102264454703e-05,0.059377097320718546,-0.000564437589392529,3.568862929311422e-05,7.026913903220716e-06,7.3417351625209835e-06,1.0162607647640128e-05,-4.964273193095413e-06,4.40012640625119e-06,6.633635558777309e-06,-3.737898488676607e-05,-2.7401765059880195e-05,4.6347008960255e-05,0.0013592249648202025,5.390883225796367e-05,-2.280869462421948e-05,5.8535448626265465e-05,0.0014186093330686247
8.999867411661217e-05,0.0757880235092465,-0.0007032900043160769,4.648740697723072e-05,1.6269575277903185e-05,1.4173376728830987e-05,2.1577388341055697e-05,-1.129325582973446e-05,8.61906181348632e-06,1.4206542639943382e-05,-4.4538929896366376e-05,-2.7549601546561762e-05,5.2370763042825304e-05,0.0012695613336531383,5.327045348994068e-05,-2.9671159491380217e-05,6.097638002199586e-05,0.0013429065257140687
9.996765282363734e-05,0.09414851162232481,-0.0007835661991478794,1.5613288110878516e-05,3.072896807602933e-05,2.7138650513532567e-05,4.099726613706445e-05,-2.0540354435025915e-05,1.863823313479606e-05,2.773607569039821e-05,-4.9882937044547676e-05,-3.10488499382453e-05,5.875660380483186e-05,0.0012391635399256885,5.8979758281597905e-05,-2.9684472091070377e-05,6.602862841435716e-05,0.0013316579011629294
0.00010993878595740294,0.11450396117334406,-0.0008237925228749286,-3.789321127852376e-05,5.2099270810341495e-05,4.650830582357716e-05,6.983807363858686e-05,-3.858742614455679e-05,3.347077195055369e-05,5.108113185343094e-05,-6.472367944335052e-05,-2.3486269522661688e-05,6.885317375965106e-05,0.0012011505227190575,7.442791915543285e-05,-2.7165422814972956e-05,7.92305202969405e-05,0.0013026322427289534
0.00011999041312778416,0.13680749555276792,-0.0008386663311974165,-0.00011286400274860459,8.099817823168948e-05,6.440508182069713e-05,0.00010348294275475176,-5.9647748874486206e-05,4.670051212893136e-05,7.575481356916032e-05,-8.521184441700468e-05,-2.24108222572414e-05,8.810961005017262e-05,0.0011605124068794557,9.080006567804231e-05,-2.2842175384911905e-05,9.362914558753525e-05,0.0012611728187383758
0.0001299449383418888,0.16135390642979583,-0.0007890822740593366,-0.00017589386624944557,0.00011557065865207229,8.534900978616363e-05,0.00014366986675274835,-8.959323557790723e-05,5.748540195805383e-05,0.00010644960920359173,-9.924655153849133e-05,-2.9690205572115664e-05,0.00010359240464047982,0.0011589802728950225,0.00010586363035108062,-2.78634087180305e-05,0.00010946907223731393,0.0012362248415128548
0.00013994093718666133,0.18847084065208444,-0.0007194809913646814,-0.00023694984146549063,0.00016031429167643815,9.516365135843175e-05,0.00018643173725411464,-0.00012418526139581793,5.536021345114594e-05,0.0001359659236033208,-0.00011181739786143425,-2.9747274275337388e-05,0.00011570665837070238,0.0011578268559336593,0.00011924778751283282,-2.9926598580687564e-05,0.00012294566332049023,0.0012076028737558896
0.00014994107731792187,0.21764181631825025,-0.0006280210778560603,-0.00029315003905693276,0.00020122019708847857,8.502014099816522e-05,0.00021844448285931613,-0.0001537123853666768,3.8788961975099244e-05,0.00015853100954141259,-0.00012650602743229932,-1.8343307334796688e-05,0.00012782899475737293,0.0011076172015607824,0.00012329465711875728,-1.5402819450830172e-05,0.00012425304552028815,0.0011946404488131861
0.00015991628940019868,0.24812736438656127,-0.000507098596812581,-0.0003438128140616424,0.00022840333175729683,7.596376661645324e-05,0.00024070433273290447,-0.0001797695065403472,2.7656121894381837e-05,0.00018188440438915272,-0.00012813625370591367,-1.4162483664726412e-05,0.00012891654454467787,0.0010941302456742388,0.00012435062856383934,-1.0870205724249543e-05,0.0001248248380600169,0.0011567843035774372
0.00016999114436967613,0.27981541277020344,-0.00034447358702607226,-0.00039024818741339534,0.0002542453084478616,6.378823929775123e-05,0.0002621251921133401,-0.00020152032903649787,1.2529638918778844e-05,0.00020190947195813607,-0.00013024689375225839,-3.6449886048699193e-06,0.00013029788668294552,0.0010851612766847817,0.00012813680835121837,-1.2448993059836028e-05,0.00012874012227212118,0.0011431018321559094
0.00017994288874474196,0.3112685622729753,-0.00014170909684143278,-0.0004510521963595875,0.0002787562868469991,4.916265181497917e-05,0.000283058357569967,-0.00022106361436824732,-1.0686264263758456e-05,0.00022132175184890447,-0.00014067144548446375,-4.047238654815054e-06,0.0001407296547122087,0.0010500438194273758,0.0001421063133610988,-1.2427178600212762e-05,0.00014264865602256615,0.0011065239980193628
0.00018994368999829023,0.3425491710797871,8.853850321318916e-05,-0.0005231816552757117,0.00030364529191268756,3.6513245103007126e-05,0.000305832765361551,-0.0002495144310370621,-3.1606968559068955e-05,0.00025150835325539944,-0.00015987555751065716,-5.420385542550024e-06,0.00015996741689723357,0.0009844193143361411,0.00016042793773758484,-6.6248011994735984e-06,0.0001605646636021355,0.0010358134052005394
0.00019991672636384466,0.3731453676320894,0.00033057906950785196,-0.000607142439051517,0.0003257166501312381,3.9462491892607744e-05,0.0003280984980750285,-0.0002775591840405386,-4.203747843571067e-05,0.0002807245095079559,-0.00016954681559174049,1.0603142419125946e-05,0.00016987804244945822,0.000969940008407446,0.00016877412866723543,-9.403572785283623e-06,0.00016903589467480765,0.0010015384134793386
0.00020999902786400542,0.4035106369268545,0.0005928582660180722,-0.0007162254687228069,0.00034424656134580045,4.2315724866844456e-05,0.0003468375924974316,-0.00029136401883624605,-3.9500643316199334e-05,0.0002940294071939097,-0.0001862949676002576,9.555764791257622e-06,0.0001865398820465127,0.0009747882159810901,0.00017924608271623575,-5.306773138350909e-06,0.00017932462187401246,0.0010272017759676137
0.00021997742469151297,0.4332549376856632,0.0008724356303682767,-0.0008202082233360345,0.00034928101547738533,4.844899448112004e-05,0.00035262520165062666,-0.000294391863581947,-3.1616122757592696e-05,0.0002960846982899908,-0.00019124176765579064,-3.5402022895114035e-06,0.00019127453235692952,0.0009964081875333632,0.00018949683725761381,-7.849370477714193e-07,0.0001894984629404881,0.0010245136587152506
0.0002299412673028418,0.4630767145208266,0.0011669030123096394,-0.0009178195772478405,0.00033948187861764303,6.762469303530945e-05,0.0003461517658742823,-0.00028250347275255317,-9.823123286685049e-06,0.00028267420446223594,-0.0001865215560509929,9.671843377540986e-06,0.00018677214842155497,0.001059518887065509,0.0001889025046192645,3.2215337681073713e-06,0.00018892997255928,0.0010134463054892726
0.00023994038197849295,0.4934578657791549,0.0014766301506016094,-0.0010198573726133086,0.0003281287944570414,7.902411188023525e-05,0.00033751046800105513,-0.0002648499615429873,-4.927891789124893e-06,0.0002648958026221012,-0.0001762872599244597,1.698161422198576e-05,0.00017710328408377516,0.0011183964048307117,0.00018282833530960664,2.909682057958468e-06,0.00018285148739280292,0.0010507070331405616
0.000249979408802032,0.5245669500703747,0.0018054303995159618,-0.0011303652833445398,0.00031534887066831524,6.884252719525838e-05,0.0003227757794234439,-0.00024010366545582518,-6.881333001573154e-06,0.00024020225417177368,-0.00016014652549556086,3.149931821503701e-05,0.00016321494011368103,0.0012024735729776275,0.00016838455298459019,6.404403189322647e-07,0.0001683857709179204,0.0011039349184247776
0.00025997760205296314,0.5556784880703282,0.0021545750128508408,-0.00129160034342637,0.00029989583195863274,6.252525755932919e-05,0.0003063444431665457,-0.0002132178801976391,-6.173720545615653e-06,0.0002133072414648648,-0.00014158896929234027,6.113148202896855e-05,0.00015422222382109973,0.0012936241149639149,0.00014912013680132424,-1.5088559300013778e-06,0.0001491277702034841,0.0011701871321444179
0.00026994047687294405,0.5859547729876083,0.002519848993857828,-0.0015151687455841106,0.00027799888740874697,3.797717812923049e-05,0.000280580910717676,-0.00019451261732352518,-2.1220562601303225e-05,0.00019566673344021456,-0.0001318237304041144,7.419997460917625e-05,0.00015127171622500695,0.001303531140198279,0.0001414019068550529,7.822364932243101e-06,0.0001416181085009196,0.0011484613292263488
0.000279940377661343,0.6144007490997259,0.0029019899737975268,-0.0017756983609761294,0.00026361078399879737,9.322450795885572e-06,0.00026377557417111674,-0.00017527854063706513,-4.762777463656296e-05,0.00018163417003606595,-0.00012250351324259907,8.720355438393115e-05,0.00015037144228200673,0.0012665529609645686,0.00013752842917245657,7.784046326622092e-06,0.000137748539766701,0.0011367731245515186
0.0002899171921228336,0.6397458555766936,0.003296949946303746,-0.0020494949782264614,0.00026084749429123493,-1.3726527414492307e-07,0.0002608475304076527,-0.00016746745099461072,-5.5706390631723865e-05,0.00017648951555218956,-0.00011762060134643584,0.00010132663923326801,0.00015524720184082556,0.0012302066583583945,0.00013512733240139823,3.4831898900812126e-06,0.0001351722182022931,0.0010798263493607854
0.00029994883246123273,0.6616251899375633,0.003707508906146169,-0.0023162996465992333,0.00026213817782837255,-8.011473024844898e-06,0.00026226057266620786,-0.00016748276872707727,-6.72051592052917e-05,0.0001804633238203715,-0.00011809515131310094,0.00010837060852015281,0.00016028304200598522,0.0011969861986370531,0.00013253200034294977,6.987139069431638e-06,0.00013271605489645634,0.001046710597705783
0.00030993468393218085,0.6794285494554996,0.004122673071777637,-0.0025642419920138193,0.0002567418979522334,-1.5321928692566633e-05,0.0002571986851890482,-0.000172234774194245,-7.223055538376336e-05,0.00018676742374619155,-0.00011606520235339784,0.00012010824790717852,0.00016702431683041677,0.0011639598498445814,0.00012871936759687453,1.1149814809509228e-05,0.00012920136982565495,0.0010130285206691463
0.0003199401888848346,0.6929550719793283,0.004539756099933287,-0.0028116439382474025,0.0002597691340173137,-1.697774284895323e-05,0.00026032335035557275,-0.00017762293315432996,-8.424383618723617e-05,0.00019658822527783662,-0.00010825224352744809,0.00012486019821542868,0.00016525319157923113,0.0011024494751069648,0.0001243283802269841,6.581901676774119e-06,0.00012450248013412524,0.0009761815492419367
0.0003299837147017973,0.7022173198876427,0.004969469249055202,-0.0030494904098070322,0.0002570414200189276,-1.0427863911968862e-05,0.00025725285606016755,-0.00017852109069092575,-7.244816987033843e-05,0.00019266166494411686,-0.00011554471198155827,0.00011561820387110865,0.00016345687361895338,0.0011205628573491134,0.00013636164322024895,1.996383474921681e-05,0.00013781528376642592,0.0009767497061356606
0.0003399824946225943,0.7072258888687261,0.005416082346962105,-0.0032257788042417703,0.0002588692018407031,7.361371549641478e-06,0.0002589738470439333,-0.00018366655402538403,-5.83030147127639e-05,0.00019269832534860306,-0.00011734110190368177,9.82555192858967e-05,0.00015304601029138737,0.001149838863662328,0.00013842826453129242,2.7737774531888914e-05,0.00014117991555857856,0.0010106131703049386
0.00034998130253528954,0.7088804665235268,0.005879617410379608,-0.003297531866344917,0.00025756170442139525,1.5446080154455038e-05,0.00025802444259525497,-0.0001765418665782138,-4.449978507373803e-05,0.00018206389407713085,-0.0001190409694867491,8.532281235580516e-05,0.00014646069344588354,0.0012150522987651826,0.0001337364864715353,3.12024879973694e-05,0.0001373282311506892,0.0010239727646123068
0.0003599392373724834,0.7080252731990805,0.0063630697323985835,-0.0032421802026682644,0.00025269946779955896,1.2683330935445565e-05,0.0002530175644294253,-0.00016067723358310785,-3.3506159346765276e-05,0.00016413359225366216,-0.00011468225985236437,8.502549614726118e-05,0.0001427632856162016,0.0012397356367973293,0.00012568786948333652,3.144673611354232e-05,0.00012956209996544128,0.001062203213741389
0.00036994979185261896,0.7049406427134367,0.006867306769127069,-0.0030523666381707466,0.00024393943600303173,3.3456661550746797e-06,0.00024396237808215106,-0.00014965053555828466,-4.24414975633563e-05,0.0001555524461662426,-0.00010509271838334508,7.265291524550232e-05,0.00012776120518714286,0.0011810985613274435,0.00012716131583947234,2.8638048237852124e-05,0.00013034622377690726,0.0010163592387607084
0.00037996773626411065,0.6994740645818441,0.007387045614306841,-0.0027421696637591037,0.00022756486789870167,8.709439687251244e-07,0.00022756653454572402,-0.00012795170323842524,-4.055223711493471e-05,0.00013422414945396348,-9.620287103753779e-05,7.619093875737109e-05,0.0001227194016632847,0.0011110290705796879,0.00011779942629884197,2.9784157063835992e-05,0.00012150638192432344,0.0009724674277160621
0.00038993845631998217,0.6911069225099106,0.007913775383978925,-0.0023527735833097697,0.0002150451487972901,-1.1502878024345839e-05,0.0002153525765438891,-0.00011936158808805277,-4.943171619458836e-05,0.0001291924273200419,-8.606914792896464e-05,7.095392850731586e-05,0.00011154531902253581,0.001128029932562976,0.00010721431919152128,3.1673922775838495e-05,0.00011179511448945875,0.0009612623018826053
0.0003999172946923639,0.679508774162414,0.00844450699943289,-0.0019064113457461036,0.00019878834286123298,-1.61114229997495e-05,0.0001994401745100319,-0.00011252933027365445,-5.6078268564000954e-05,0.000125728367431433,-7.847150668813854e-05,4.8889579967424846e-05,9.245522371017118e-05,0.0010745844489987483,9.823778976673821e-05,3.493129732802526e-05,0.0001042634109900149,0.0009579298377544398
0.00040999872028145597,0.6645413638363935,0.008976013442498373,-0.0014317971679844975,0.00018519997070098534,-1.4853034126336392e-05,0.00018579462255513193,-9.875756849679184e-05,-5.3558466982910475e-05,0.00011234574634118572,-7.355316903597531e-05,4.227349427639019e-05,8.483582376314119e-05,0.0010785505174541973,9.583818014578203e-05,3.437244056909521e-05,0.00010181562475539474,0.0009624730516414018
0.0004199548776521353,0.646386660436721,0.009488112772666587,-0.0009850648685213537,0.0001592209022369716,-2.7958776019810124e-05,0.0001616570099490931,-7.466970749293086e-05,-5.460567613115137e-05,9.250591917720752e-05,-7.049915129850685e-05,3.651756674731672e-05,7.939561080408974e-05,0.0011064306180493303,8.475293481900228e-05,2.945553451293306e-05,8.972562885751562e-05,0.001009534495053969
0.00042993066865616497,0.6246019900033517,0.00998600724251878,-0.0005846706065108767,0.00014709289135100747,-3.953321668287247e-05,0.00015231281596534888,-5.799758103079309e-05,-5.762588695152099e-05,8.175856072835974e-05,-6.108974616454988e-05,2.7468559641669048e-05,6.698118284441584e-05,0.0012170436788047074,7.133558758985562e-05,3.270824867540224e-05,7.847672003977941e-05,0.0010839956029444577
0.00043997339272910024,0.5991477843958212,0.010474954421163247,-0.0002249173783674941,0.00014044990011538496,-3.0441212730492634e-05,0.00014371096643932474,-5.278301559232326e-05,-4.501015399707614e-05,6.93682974986409e-05,-4.455912245018706e-05,2.4519090320318817e-05,5.085962233114513e-05,0.0012984063434174939,4.9967763560451274e-05,3.5052939174350556e-05,6.10367589243882e-05,0.0011958401121583864
0.00044994914081072777,0.570946909507432,0.010955388688398255,9.324302863503441e-05,0.00012332629214310614,-1.5479666850827398e-05,0.00012429398384306204,-3.867968302387467e-05,-3.160552973523468e-05,4.9950249135236774e-05,-2.091342501022488e-05,1.7484834836252548e-05,2.7259691761084353e-05,0.0012305015274507876,3.2880358876625124e-05,2.9970838953300246e-05,4.449010212867936e-05,0.001258249423999993
0.00045995451118858755,0.5403478787367172,0.011450008812187678,0.00039221152414554663,0.00010488480191137798,-6.403542005751969e-06,0.00010508009812618386,-2.403212699337437e-05,-2.540066871800055e-05,3.496765790194254e-05,-7.017570059019336e-06,1.7672090398315996e-05,1.9014443683145113e-05,0.0012168036253582082,1.8010050733636058e-05,2.5143797953448207e-05,3.092850631621209e-05,0.0012998650504493343
0.00046999149644892223,0.5080718386714442,0.011963558591025516,0.0006942437618415699,9.2245806584422e-05,6.368297279135172e-06,9.246536671990239e-05,-1.4165111667208477e-05,-8.844604481899777e-06,1.669962325879621e-05,1.1853009629643474e-05,1.120453222218901e-05,1.6310591025419426e-05,0.0012641275230052154,3.9758968995671586e-07,2.209926161977384e-07,4.5487943234861516e-07,0.0012970818987282132
0.0004799391218430586,0.47567693741255973,0.012479675290916155,0.00099389750273405,7.949971501496804e-05,1.6312845140449905e-06,7.95164497234811e-05,-4.868247219868595e-06,4.3192962218036395e-06,6.508160327269565e-06,2.3189026262901424e-05,6.3093271214571525e-06,2.4032031702440115e-05,0.0012535529064657898,-1.7953908073733055e-05,-1.8429802601463618e-05,2.5729369192597244e-05,0.0012451111112060857
0.000489988494036519,0.44331641847242703,0.013007111397128788,0.001281262959604678,7.331755448387661e-05,-8.349660054378515e-07,7.332230877247696e-05,3.533725586290278e-06,-8.349149115834346e-06,9.066173805836728e-06,3.581524320302685e-05,3.1005900059946162e-06,3.594920449853146e-05,0.0012207822161753377,-3.811489723754141e-05,-2.6389700952220554e-05,4.635905205864301e-05,0.0012225840371348413
0.000499943020442317,0.4118348611533393,0.013534324702459275,0.0015233836922496236,7.282238701583751e-05,3.946078670483337e-06,7.292922313831447e-05,4.9533050061967634e-06,-2.340442020056462e-05,2.3922836692353417e-05,3.496562112641118e-05,-4.9460524780252794e-06,3.531370974382487e-05,0.0012856692357801742,-3.1680761823873565e-05,-4.082773191419236e-05,5.167760020548715e-05,0.0012275874222630345
0.0005099624776485783,0.3807762835861037,0.014061762369955612,0.0017379740545954325,7.289280272680968e-05,6.340951343937609e-06,7.31680828867053e-05,-3.7355745110484798e-06,-2.829297693295299e-05,2.8538518893877536e-05,2.7940856037694804e-05,-4.5943273883794505e-06,2.831606046523421e-05,0.0013070834448008456,-2.0253617500633665e-05,-5.193630742035194e-05,5.5745753652841376e-05,0.001239562647532126
0.0005199413734900338,0.35061688702260047,0.014576999386325475,0.0019364484855745462,8.23719927482698e-05,-1.0224764765766015e-05,8.3004162569333e-05,-1.686963625206414e-05,-5.056217323508214e-05,5.3302138695660356e-05,1.4058483543635813e-05,-7.204108861542926e-06,1.5796839685064867e-05,0.0013445173958537165,-1.2235536884554662e-05,-4.88799312791958e-05,5.0388054583524074e-05,0.001302547147051893
0.000529989712798049,0.320886159828695,0.015090201003078866,0.0021378168121522737,8.468581594207446e-05,-1.9645244522736795e-05,8.693459066524114e-05,-2.421880123627731e-05,-6.849641487445131e-05,7.265197302190259e-05,2.4324518785714954e-06,-6.345276586647241e-06,6.795539500482626e-06,0.0013758703980726946,-1.3333252321839906e-05,-4.4491250810124776e-05,4.644617332060067e-05,0.0013892459236095616
0.0005399383777245362,0.29170076125755795,0.0155963103508727,0.00235011928471052,8.480480613921133e-05,-1.6326544028882388e-05,8.636209344519301e-05,-1.0893203865053411e-05,-5.841623901743275e-05,5.942321828534236e-05,-5.248310578015447e-06,-3.859565956227189e-06,6.514676760498308e-06,0.001438848836889424,-3.221041022331376e-06,-3.5262920241262094e-05,3.5409725347835634e-05,0.0014692842652871533
0.0005499579831984126,0.261948368066555,0.01609746994526641,0.0026045280268981764,7.784968392673909e-05,-2.2317542152337096e-05,8.098546767917391e-05,-4.7762260647786145e-06,-6.1124429002504e-05,6.131075074001316e-05,-7.30086457972808e-06,3.75098320089387e-06,8.208075205851619e-06,0.0014471114066948857,2.1957119371852907e-05,-2.0936794637232555e-05,3.0339157219531463e-05,0.0014749907468866786
0.0005599762955612779,0.23095843724045578,0.016586821419267452,0.002852035848275403,6.884763216588033e-05,-2.835403964942797e-05,7.445769281470983e-05,-1.7002213118125047e-06,-7.014115233987e-05,7.016175599337571e-05,-8.092428662966519e-06,7.532962044484961e-06,1.1055899729504294e-05,0.0014044469384002748,3.467384099022317e-05,-1.8275228876569207e-05,3.919514306015823e-05,0.0013670769540274643
0.0005699231784678594,0.19832783029400122,0.01706862827959487,0.0030289908662914744,6.954429075171562e-05,-2.1367210876219387e-05,7.27527736707542e-05,-1.7051207922422467e-05,-8.693997107467856e-05,8.859628808296444e-05,-1.874633430957867e-05,1.7691820634400983e-05,2.57764537399213e-05,0.0014248379369056897,3.8660425150791504e-05,-7.692807259989747e-06,3.9418368261247236e-05,0.0013717693698756558
0.0005799938953701229,0.1627343777668327,0.01755596794329682,0.0030649382173512235,6.269002471473743e-05,-3.0198605311596587e-06,6.27627178853979e-05,-3.5213222748667686e-05,-9.164349204165758e-05,9.817586612776402e-05,-2.119700174829283e-05,4.673458985231043e-05,5.1317002755235097e-05,0.0014459944069935044,3.283440266466144e-05,5.958506245219247e-07,3.28398087130828e-05,0.0014298337297023044
0.0005899310793806982,0.12482006121260801,0.018031970166609852,0.002944094799604821,6.242947081849153e-05,1.9836586558345912e-05,6.550518294733353e-05,-4.485938823551401e-05,-9.101876489306939e-05,0.0001014730519671327,-2.9300843066960848e-05,4.738699635147357e-05,5.5714152848708356e-05,0.001493640343343663,3.8993753864029664e-05,-7.544864448265145e-06,3.971697143478117e-05,0.0014370782246301739
0.0005999659284024729,0.08437030877359417,0.018512243617393,0.002666488693499288,4.931444736459064e-05,3.6251714347060395e-05,6.120540427099428e-05,-3.920129765562627e-05,-9.395895286595205e-05,0.00010180877448212019,-3.22560260899829e-05,3.204056115384589e-05,4.5464808128606416e-05,0.0015497801198243355,4.2574009959385024e-05,-2.1455107962948952e-05,4.767460520784216e-05,0.0014525823719835477
0.000609943251318685,0.042646904137163946,0.018985555228244588,0.0022109696309826937,2.7377924489699508e-05,1.4654530918504068e-05,3.105327721521643e-05,-1.8332501742505426e-05,-0.00010920752062539619,0.00011073555518118514,-2.5282754474842867e-05,5.307144935570777e-05,5.8786022237864005e-05,0.0015250628843782453,3.678070051884817e-05,-3.4396746803073484e-05,5.035827758464286e-05,0.0014739597381506178
0.0006199233236204224,-0.0010059365523091201,0.01945419006833075,0.0015967658358161758,3.760958434277043e-06,-4.695526710368847e-06,6.016043503179388e-06,1.2540086111530353e-06,-0.00011991540777834647,0.0001199219644612444,-1.5699577045149202e-05,6.995320689805884e-05,7.169329030473634e-05,0.0014375190232212907,2.4153738451970312e-05,-3.066254927003345e-05,3.9033255167144566e-05,0.0014722791333784432
0.0006299331046201206,-0.04775334028745824,0.01990921632190805,0.0008626435359668081,-3.594386858975446e-05,-1.749103573134061e-05,3.9973716616704174e-05,1.8646580855975498e-05,-0.00013892325658776582,0.00014016906291535464,-6.970161557803833e-07,7.429545454782045e-05,7.429872406703007e-05,0.0014343798431699028,2.499756568757894e-06,-3.14559805151754e-05,3.155515002458621e-05,0.0014531964366127433
0.0006399776651607039,-0.09821204721706582,0.020337924089320975,2.469324322763989e-05,-7.438755212011696e-05,-1.9228373355243707e-05,7.683253381421027e-05,4.736013679534695e-05,-0.00014648495819313573,0.00015395072437023055,7.496077145920099e-06,8.099792148125295e-05,8.134404991676283e-05,0.00155244695276394,-1.8062266540359863e-05,-3.61673689914576e-05,4.042677395414149e-05,0.0015504855560715806
0.0006499948876300045,-0.15231156156206033,0.02073236009449958,-0.0008608968781764749,-0.00010703053522634082,-3.284315359936772e-05,0.0001119562781142203,8.512591501802199e-05,-0.0001301519689692106,0.0001555183475806564,1.0893317571182097e-05,9.991258950858897e-05,0.00010050467606046211,0.00147865877645962,-1.2499711435081755e-05,-2.6557464832923925e-05,2.9352031008301703e-05,0.0015502437207655707
0.0006599160003705074,-0.21005771457114691,0.0210981149951221,-0.0016721021316190654,-0.0001291755788068302,-3.679770259677087e-05,0.00013431456018049567,0.00010406395338310786,-0.00011969904781623859,0.00015861011456346603,1.013645000423428e-05,0.00010876675562964804,0.00010923806456033498,0.001451968882172559,7.837197444930666e-06,6.871250853968403e-07,7.867261574004603e-06,0.001530681290819297
0.0006699576057563944,-0.273465657907621,0.02145109692738086,-0.002346907819901585,-0.0001596207164342705,-2.5878910595700858e-05,0.00016170495084755465,0.0001280377945539501,-9.816200335360812e-05,0.00016133646747289748,6.050925925052871e-06,0.00011318194901966724,0.00011334358071122084,0.001396775807791638,2.6302750650615546e-05,1.361670055730055e-05,2.9618393370600735e-05,0.0014000802677984234
0.0006799211757989686,-0.341256379506993,0.02178720671222767,-0.00280526983810725,-0.00018750266802551423,-3.731093067023294e-05,0.00019117885883163213,0.000150807638442716,-9.01241692482974e-05,0.0001756852574787216,8.241719419787204e-06,8.47641466353871e-05,8.516388021819992e-05,0.0013743212499470144,3.164197122856686e-05,1.158388500727667e-05,3.3695707962458096e-05,0.0012810997499781772
0.0006899905273309824,-0.4140099896336781,0.022120483001655512,-0.0030468705520036894,-0.00020504937839314636,-3.287323225464352e-05,0.00020766775623163903,0.0001699407488459019,-8.096540474418941e-05,0.00018824254270407716,2.077099888784332e-05,5.679194813623953e-05,6.047114822713481e-05,0.0012519214308451382,3.6929008146422784e-05,5.944604023790267e-06,3.740441096552951e-05,0.0011777477495594929
0.0006999813053312869,-0.4894028025321829,0.022450429492747958,-0.0031144768006464776,-0.000213395929168378,-3.2544785238084014e-05,0.00021586334944086367,0.00018508889763708828,-7.496710264233505e-05,0.0001996946832219099,3.031045591182502e-05,2.9094862142965525e-05,4.2014696722704745e-05,0.0011900134875234398,2.983137529556599e-05,-1.5327733283459992e-05,3.353878888143983e-05,0.0010888334930692586
0.0007099627426447686,-0.5665744937064874,0.022788819894545523,-0.0030613955710103824,-0.00021342014270448947,-4.130627049870076e-05,0.00021738069209227505,0.000186351560958236,-5.696031828755828e-05,0.00019486246978572117,4.087677276780564e-05,-4.872718910537264e-07,4.08796769288436e-05,0.001176930233762696,1.935368620028475e-05,-3.920175030761457e-05,4.371890205299821e-05,0.0010642380744016037
0.0007199888342083505,-0.6445573597371679,0.02313843574215396,-0.0029522225161832225,-0.00021293608277096147,-3.397596106700256e-05,0.00021562963914144138,0.00017630562003689842,-3.9436977705554314e-05,0.0001806625220325001,4.906329890129133e-05,-2.85425984731758e-05,5.676167040070609e-05,0.001084809073216854,8.591579336011031e-06,-5.603263476152568e-05,5.6687488864876594e-05,0.0010207948867424908
0.000729950800000866,-0.7210068104302427,0.023487955557011834,-0.002834458972238395,-0.00020512821924847761,-1.4025484579866363e-05,0.0002056071510180314,0.00016854990350392233,-1.5344187962877814e-05,0.00016924690270554924,6.694942354742856e-05,-4.534993939153133e-05,8.086310849917004e-05,0.0009644652844047097,-3.873425357448409e-06,-6.559487541433554e-05,6.570914019085872e-05,0.0009306921337527284
0.0007399099293326919,-0.7951346703892959,0.02382092817757473,-0.0027636159878152945,-0.00020431522264314833,-4.534834928068122e-06,0.0002043655424271521,0.00015828905509087396,-2.4938080622523463e-06,0.00015830869856142804,7.430813162678842e-05,-4.728845671099167e-05,8.807892235927643e-05,0.000884085904086208,-1.3533425183892093e-05,-7.068086257749898e-05,7.196483816355944e-05,0.0008352620685852176
0.0007499787321743916,-0.8671904678543387,0.024129044028350553,-0.0027405035092289373,-0.00021275373893168232,-1.0648649854171363e-06,0.00021275640382100748,0.0001611040238645987,2.7015298827212457e-05,0.00016335339872830553,6.542524493082004e-05,-3.6984088254287854e-05,7.515507606448646e-05,0.0009268132510366748,-1.3758111959012258e-05,-5.685869079981197e-05,5.849954157209558e-05,0.0008772666180413883
0.0007599121948682989,-0.9356763171240654,0.02439966742489285,-0.002773253509369179,-0.00021032059231274004,-5.610625335631282e-06,0.00021039541503426026,0.0001639877720913366,3.2650269471541754e-05,0.0001672065473958614,7.143760968607582e-05,-2.2702999738044486e-05,7.495837694858236e-05,0.0008306357858859788,-2.1524373901103214e-05,-5.307779889427908e-05,5.7276098045310543e-05,0.000833047125690854
0.000769998599325241,-1.003085819259126,0.024634642165350683,-0.002864628618154357,-0.0002102296389585234,-7.04306595862279e-06,0.00021034758347727366,0.0001648441286740336,3.700731211085529e-05,0.00016894711571368006,7.337134689245397e-05,-3.1062833887417785e-05,7.967593233800358e-05,0.0007462276234109469,-8.945817689344493e-06,-6.56981921218983e-05,6.630445009361626e-05,0.0007492740564986823
0.0007799133407966841,-1.0672534798388427,0.02482509490098803,-0.003014967685475195,-0.00020453037744950012,1.2816596841371016e-05,0.00020493155065589395,0.00015822978569179262,4.289702181671889e-05,0.00016394151262207713,5.6848028964529006e-05,-2.868766784258331e-05,6.367637460941317e-05,0.0008278601371235332,1.5627855320947867e-06,-6.529594152178743e-05,6.531464060864156e-05,0.000766625110774482
0.0007899164980803509,-1.129404791876593,0.02498140340511287,-0.0032352573338912454,-0.0001977809827970996,2.140321835600483e-05,0.00019893570547335496,0.00015127333725190213,6.174246436532021e-05,0.00016338835475403552,4.4668941030148736e-05,-5.60251472923301e-06,4.501891229301501e-05,0.0008995382151065962,6.557024731322173e-06,-6.1060266134971e-05,6.141132366103711e-05,0.0008946675810667594
0.0007999620760097976,-1.1891623047750883,0.025102541588650943,-0.003526527703070209,-0.00017986337084825634,3.0959289466773155e-05,0.00018250838275866903,0.00014208771201348414,6.254043350405108e-05,0.00015524246754062318,4.968429890039039e-05,7.441403617615097e-06,5.0238471762421163e-05,0.0008864051139257163,9.13276041376911e-06,-6.036803430755237e-05,6.105494966776346e-05,0.0009149577878172365
0.0008099510866692575,-1.2458289323399836,0.025191887350510908,-0.0038868900239993317,-0.00015919840033940848,4.589396271893867e-05,0.00016568158160964636,0.00012363823768316712,6.248007518326978e-05,0.00013852860214521177,4.7450199546439364e-05,1.2933814946496877e-05,4.918134815219222e-05,0.0009372632302083015,2.1627751740937082e-05,-8.120704867599719e-05,8.403775580079102e-05,0.0008419696725002692
0.0008199263709300147,-1.2991012745755413,0.025272301804436067,-0.0043221611951769325,-0.00014080499810512244,6.72568445616355e-05,0.00015604336138321147,0.00011013157243424613,7.972059708797176e-05,0.00013595711399887222,4.6971267948054764e-05,1.1829216126161533e-05,4.843790217182611e-05,0.00102669605790484,2.94828928201397e-05,-8.475868467983796e-05,8.974004456038588e-05,0.000893986022025979
0.0008299938563031341,-1.3485910462227877,0.02536729034259208,-0.004804495918305279,-0.00012315908210423603,9.420767280677182e-05,0.00015505884405742784,0.00010072385464629866,0.00010187879440422224,0.00014326403471934777,4.023418676810016e-05,1.5957170412736084e-05,4.328303446468912e-05,0.0010762351374380814,2.9063594560808e-05,-9.692525005067682e-05,0.00010118891553021633,0.0009518309845923359
0.0008399425258272241,-1.392058126224727,0.02547951753226676,-0.005296268810485156,-0.00011948225678955725,0.00010438426190649318,0.00015865712660101045,8.560101185781273e-05,0.00010994375116310593,0.0001393382992966986,6.173605705125281e-05,6.140743898044835e-06,6.204070821530744e-05,0.000993112698282441,-1.9453978949465765e-06,-0.00011514094612667412,0.00011515737947658992,0.0009496797952186424
0.0008499783200037693,-1.4294216461386744,0.025607591076781316,-0.005747691931912635,-0.00011012711370316473,0.0001128335158794184,0.000157668587481149,7.751027820429015e-05,0.00010446112010953128,0.0001300767805638054,8.447880693033075e-05,7.153433231898512e-07,8.448183554138802e-05,0.0008421220074898875,-3.3097601466335984e-05,-0.00012263879191326863,0.00012702647166937454,0.0008834128753998833
0.0008599246122307817,-1.4599754509517424,0.02572662966001185,-0.006109306309965017,-0.0001063776774497538,0.0001176708223692836,0.00015862733905814392,8.070690513841891e-05,0.00010280041793150985,0.00013069632919066566,9.876937283830971e-05,1.649741438184224e-05,0.00010013767369057085,0.0006933165536606909,-5.147033268291662e-05,-0.00011383688297299519,0.00012493210584752632,0.0007936104395094407
0.0008699613161949773,-1.48509102463328,0.025802602288776184,-0.00638486799422823,-0.00010282010650713167,0.00011092123147378041,0.0001512464673762593,8.113648133169313e-05,0.00010940407505574356,0.00013620712258061602,0.00010291021188317216,3.110057836412023e-05,0.00010750701225697872,0.0007392610234846016,-5.968204093197473e-05,-9.667470167946525e-05,0.00011361313284396091,0.0007265749959651326
0.0008799430792557039,-1.5054965047398308,0.025816048755482792,-0.006555811693617305,-0.00010094834637723767,9.752149988102892e-05,0.00014036029201787903,8.33095035920853e-05,0.00010216537634603072,0.00013182654327822515,0.00011539772578332228,3.5790535962356176e-05,0.00012082051804406218,0.0008017625558378086,-6.414392372653214e-05,-8.814856758058142e-05,0.00010901657175651555,0.0008131160544966715
0.000889914613174657,-1.5223344756554382,0.025773739005174844,-0.006602147803236305,-0.00010851392923668692,7.980273094799354e-05,0.00013469873312374746,8.406578698736886e-05,0.00010022614566597898,0.00013081413079963383,0.00013270186584444187,3.572022941347242e-05,0.0001374253251331331,0.00081982482671659,-9.024062456676428e-05,-8.245564959321785e-05,0.0001222387192015657,0.0008631827695132657
0.000899940938460233,-1.5356938481678488,0.025688707970101036,-0.00650731098099001,-0.00012231358113906675,6.496629728840769e-05,0.00013849632455205745,8.181591725474335e-05,0.00010458128753839475,0.00013278211483262124,0.00016097053617935889,1.729176743037566e-05,0.00016189662979425017,0.0007284626584597169,-0.00011675796487646042,-7.125310306709276e-05,0.00013678240770940726,0.0008168500129906845
0.0009099566132113925,-1.5446214099496476,0.02557342699554508,-0.00627502337893818,-0.00012322197013062402,5.6193535490657034e-05,0.0001354303044145295,7.940641086830744e-05,0.00011222268057402778,0.0001374747544904399,0.00017993443705150203,-3.36703767371423e-05,0.00018305763001487274,0.00054358542523297,-0.00013347749719462982,-7.988048657632336e-05,0.00015555428117866956,0.0006672889571320583
0.0009199996984748391,-1.5480329729759819,0.025438512406440537,-0.005875927622224643,-0.00011146305671764925,5.629152630684417e-05,0.00012487092915004685,6.97591351271603e-05,0.00010810927518138757,0.0001286621634900268,0.00020066259536555321,-7.750046760006011e-05,0.0002151088088783621,0.0003586731254502603,-0.00013910058420422468,-8.653913290781883e-05,0.00016382305713907836,0.0003960850185893718
0.0009299583251180663,-1.5453300776058023,0.025294597835907685,-0.0053734415049862365,-9.93954331111966e-05,5.155994519950474e-05,0.00011197267556122024,5.260009354097171e-05,0.00010522643057186543,0.00011764085825687686,0.00022529551484634183,-0.00010007539210037042,0.0002465221148577164,0.00016434365361160056,-0.00014543830174477596,-7.740408025991294e-05,0.00016475342562534943,0.00023368445832183888
0.0009399714833654413,-1.5361509084056484,0.02515695421611412,-0.004874644290348805,-7.786588144089671e-05,6.86067724699932e-05,0.000103778536901024,3.318929856692713e-05,0.00011668938790504106,0.00012131752877889401,0.00022762812829816615,-0.00010913537844738985,0.00025243830062290744,0.00012178763579672423,-0.00016277925665245894,-8.336720556814187e-05,0.00018288569479477592,0.0003108423121284307
0.0009499416496498944,-1.5195348185531223,0.025036698818165594,-0.004463828832470756,-6.892241896154071e-05,8.699481825058858e-05,0.0001109882797324253,2.0806788655872762e-05,0.0001166900713094421,0.00011853056650658866,0.00022951726466589883,-0.00011738078100460043,0.0002577914322256778,0.00013941481063000586,-0.00017234636722350769,-6.92115320685515e-05,0.00018572427538266585,0.00038219268398783594
0.0009599399966234764,-1.4947261757288552,0.024928449902700826,-0.004183537504983488,-7.518602501129044e-05,9.289941568776758e-05,0.00011951250893578893,2.257382462244814e-05,0.00011367601488847638,0.00011589570276334733,0.00023537134364433332,-0.00011939844963194581,0.00026392358587941914,0.00012362514702189903,-0.00016723286221670826,-6.57578929218559e-05,0.0001796967742802157,0.0003401267639418252
0.0009699435846053626,-1.4617017469180023,0.02484334296809096,-0.004031502244820407,-7.409329051974922e-05,0.00010286938543154793,0.0001267751007063624,3.378346232260198e-05,0.00010056481224719695,0.0001060877174267438,0.00024055550658560928,-0.00010307285629983645,0.0002617077863848645,7.255673854579623e-05,-0.00016350353872249257,-6.19780589745874e-05,0.00017485618939298392,0.00025380160015189357
0.0009799404226288715,-1.4210979809845241,0.024776528152897312,-0.003985946499509104,-8.139611161177155e-05,9.291255544434603e-05,0.00012352356028189377,5.927738384348428e-05,8.388542831236993e-05,0.00010271598375363752,0.00023540736245951147,-8.86078969721494e-05,0.0002515312817642586,5.3222322137066926e-05,-0.00016114295977072378,-6.0618486312613065e-05,0.0001721675183259071,0.0002157956605885916
0.0009899704638186059,-1.3738860696168278,0.024704165182622882,-0.0039865053205922025,-7.700916971535706e-05,6.962532862165419e-05,0.00010381762184678478,7.386404631645402e-05,7.103036597049327e-05,0.00010247541279810231,0.00022191343665034594,-8.157132088958584e-05,0.00023643065316840555,2.934268834839382e-06,-0.00013918083016438987,-4.3649010952659645e-05,0.0001458647991888178,0.0001488435402489741
0.0009999965726488068,-1.3212610024868237,0.024608502004942485,-0.003969760151771724,-7.066518002998628e-05,6.709894417089437e-05,9.744658012223503e-05,7.650750634537705e-05,5.976701584121466e-05,9.708498704615413e-05,0.00019710630517664706,-7.567519922986477e-05,0.00021113415478995635,5.423675140222737e-05,-0.00011377346218365327,-4.137014269293039e-05,0.00012106151082688752,0.00016528830466794016
0.0010099574320871526,-1.2641896658525604,0.024490240643246827,-0.003921927277182298,-6.016301713225548e-05,6.764656192645541e-05,9.052980708543365e-05,7.391423611801404e-05,3.7340497262517965e-05,8.281079058143113e-05,0.00017615094298047788,-5.2137787600802765e-05,0.00018370493626687878,0.000250408523675371,-0.00010302552319789669,-5.082744947558191e-05,0.00011488119102095513,0.00038618648739440755
0.0010199842522080644,-1.2025091528233576,0.02435529230511346,-0.003868103828315769,-4.553831785997263e-05,6.697338466153839e-05,8.098871925483381e-05,6.253374696447468e-05,9.055672930988361e-06,6.31860326468594e-05,0.00015279806782419008,-3.9867787074198096e-05,0.0001579135522271581,0.0004848647819497326,-0.0001132983074166552,-6.60044481833031e-05,0.0001311224376049395,0.0007007244796283017
0.0010299282517230385,-1.1374198433280518,0.02419930944880273,-0.0038388066642493306,-4.1650737394611365e-05,7.387570372465729e-05,8.480803927888099e-05,5.221877602872883e-05,5.480378753203693e-06,5.250557228730215e-05,0.00012563361271042823,-3.1911249699934605e-05,0.00012962304000479797,0.0007053207170269363,-0.00011706439565920916,-8.504768018879641e-05,0.00014469685772867241,0.0009001259537799755
0.001039952928274145,-1.0675220217922188,0.02401767727611709,-0.0038338240566025013,-4.137719511020099e-05,7.678002122664549e-05,8.721951579062895e-05,4.17334324693216e-05,2.9180553692744034e-06,4.183532517872399e-05,9.748271047069768e-05,-4.2023228066543746e-05,0.00010615474807019525,0.0008382418802788606,-9.079259625206458e-05,-0.00010443473134162243,0.00013838319495006345,0.001063348263762948
0.0010499456281726552,-0.9930033902203554,0.023820108009846887,-0.003829775731456486,-2.9893130531183972e-05,6.308668181107147e-05,6.98106630457395e-05,3.2646405241128305e-05,-2.508703175274206e-06,3.274265363084673e-05,6.996784244848638e-05,-5.400930850995404e-05,8.83883724401553e-05,0.0009914568435635362,-6.387751954419624e-05,-0.00011343398047684831,0.00013018296904718826,0.0011560035012743914
0.0010599673841890206,-0.9132193976170634,0.023608962510495473,-0.0038051785313629252,-3.9600826199006223e-05,3.583090875385651e-05,5.340486361532149e-05,2.8003689441357272e-05,-9.711960358034727e-06,2.9639986442709833e-05,3.987357906880447e-05,-7.337306147707032e-05,8.350753533828036e-05,0.001063865870109875,-4.804013809147819e-05,-0.00012013779619208628,0.00012938680358421238,0.0012530112362784782
0.0010699381905818913,-0.8291534134171004,0.02338811180108694,-0.0037421634909120083,-4.5519934339385316e-05,1.9029700142457815e-05,4.933755070708121e-05,2.7577697935553085e-05,9.313438509906697e-07,2.759341995464475e-05,1.6446196912133874e-05,-7.558028619692151e-05,7.734893053223973e-05,0.001134809585109507,-2.44501256230494e-05,-0.00011295938016738313,0.00011557521451756984,0.001306085796842924
0.0010799265402712044,-0.740707259906711,0.02316076707000692,-0.0036316948434006145,-5.347883761525063e-05,2.211257933221948e-05,5.787013251585005e-05,2.164846739160023e-05,1.2663501891293401e-05,2.5080279515108478e-05,3.104060175769992e-06,-6.586043356329926e-05,6.593354153024512e-05,0.0012386599328730462,-2.276509134935267e-06,-0.00010115544858974404,0.0001011810618309266,0.0014200317175634687
0.0010899215470765433,-0.6482702035302421,0.02293532218264618,-0.0034678815223319853,-5.8266411965200195e-05,1.3657909711636294e-05,5.984574555463098e-05,2.306985122607543e-05,1.777198278617636e-05,2.9121493913352093e-05,-2.3324966555886747e-06,-6.177499819616275e-05,6.181901764654824e-05,0.001401064151112337,9.807608906928684e-06,-9.760753263860908e-05,9.80990296601776e-05,0.001435816236134002
0.0010999966318489694,-0.5513875933202476,0.0227301714042287,-0.003287057125511071,-5.8035399867033266e-05,-9.984901120104443e-08,5.80354857613123e-05,2.0684421884634846e-05,2.9790445434014846e-05,3.626728481508613e-05,-1.2877776185857282e-05,-5.181763075161459e-05,5.339385710176506e-05,0.0014602758531798488,2.2215529741893374e-05,-9.586665935918691e-05,9.84070431341341e-05,0.0014032934189777192
0.001109995511524942,-0.4512849589308406,0.02257266759023151,-0.0031503159571305713,-4.848755915034088e-05,1.1289675793531983e-06,4.8500700615073965e-05,2.2893768769367134e-05,3.603588026898692e-05,4.269319987101003e-05,-2.5180698289871868e-05,-4.617472074676941e-05,5.259441417496437e-05,0.0014688079512946146,3.0227732673859344e-05,-0.00010199092968091014,0.00010637605726750104,0.001425354061947427
0.0011199200024236623,-0.3475658348308572,0.022474219105975527,-0.0030920576718719804,-4.0904755294108534e-05,1.026216620571163e-06,4.091762610688989e-05,2.689035334680614e-05,3.281950808042584e-05,4.242889597617672e-05,-3.184343102018983e-05,-5.164884391156106e-05,6.06762488667385e-05,0.001423353666355731,4.3100650226228035e-05,-0.00010759787966726947,0.00011590931696294242,0.0013794418233235915
0.0011299760781678528,-0.23781675952665948,0.022429489631310504,-0.0030994244826648555,-3.507099734426913e-05,-1.0475139114017478e-05,3.6601958884460695e-05,3.259581353458633e-05,1.7861557586295987e-05,3.7168835055595825e-05,-4.338311242548335e-05,-8.046734444417244e-05,9.141710980784296e-05,0.0013668058777441933,5.891737884577003e-05,-0.00010043505858651029,0.00011644079406862417,0.0013277226667462367
0.0011399879746241996,-0.12436833237008282,0.022413414796818337,-0.0031720420753376453,-4.220763402669296e-05,-1.4637219596185476e-05,4.467362272793875e-05,3.790722206978986e-05,2.206754668691212e-05,4.386267321798125e-05,-4.623035453280947e-05,-7.905297478449028e-05,9.157848274844104e-05,0.0013199569337993488,5.868005642197897e-05,-9.92581551613431e-05,0.00011530624609152748,0.001320012657657205
0.0011499254065114345,-0.008199823330198237,0.022400031373698268,-0.0032970070805307334,-5.186442042121736e-05,-1.3897261975054039e-05,5.369405922476034e-05,5.408660232040195e-05,1.1967146503492063e-05,5.539470323055583e-05,-4.08315518159096e-05,-8.045135667037251e-05,9.021993357234753e-05,0.001297309478648857,5.391730181892688e-05,-0.00011211591016076457,0.00012440680345788925,0.00130510607650287
0.00115996149636992,0.11327891511541283,0.02236255048401217,-0.0034220682411784387,-6.0959606280083616e-05,3.558831850214917e-06,6.106340051095184e-05,6.960707694530057e-05,9.611073902776214e-06,7.026747400066136e-05,-4.417332465066759e-05,-8.883740973160466e-05,9.921374893891615e-05,0.001352928186527908,5.014809909586239e-05,-0.0001266889997211991,0.00013625319993778649,0.0013290642214144172
0.001169926916304428,0.23890511411893778,0.022290965326650973,-0.0034958349033034947,-6.545766211397443e-05,6.382393000687438e-06,6.576808093477007e-05,7.96308335141863e-05,-6.603399492137317e-06,7.990415840878881e-05,-5.635041244817831e-05,-8.117928668100495e-05,9.882026901965302e-05,0.0013222654785857578,4.902036783081265e-05,-0.00012707663037181776,0.0001362037681157308,0.0013870518207442632
0.001179977029286354,0.3703874341916923,0.02218271831147298,-0.0035410970631861794,-6.030795242028663e-05,1.3693101025685697e-05,6.184294738146938e-05,8.974324477779719e-05,-2.9818765791778736e-05,9.456748265969955e-05,-5.9338711442665414e-05,-6.902042689685675e-05,9.102143706127836e-05,0.0013389332523978492,5.192193251234665e-05,-0.00012606244839690614,0.00013633645136807438,0.001403263768920133
0.0011899368801656781,0.5045646618169666,0.02203933596110385,-0.0035755761454665633,-6.69623823171062e-05,9.54594250600896e-06,6.763937953522582e-05,9.013764054131065e-05,-5.240452744995886e-05,0.00010426422559827517,-6.083354125096067e-05,-5.5996679082426336e-05,8.268220975150928e-05,0.0013022741235474097,5.8479621410884955e-05,-0.0001148512710436797,0.00012888242929394688,0.0013205569552631343
0.0011999190343896702,0.6419012194753658,0.021859445381008986,-0.0036385910465942285,-6.908642804788088e-05,8.347233762290673e-06,6.958887017258828e-05,8.873089018294512e-05,-6.756726991603809e-05,0.00011152805403379283,-6.947066283951817e-05,-6.355793174650954e-05,9.415829057101651e-05,0.001209046407108782,6.481769225783705e-05,-0.00010733919630937107,0.00012539153198670703,0.001251441779704782
0.0012099127896993515,0.7817423345236121,0.021647461032730256,-0.003805801469572198,-5.361988650248988e-05,1.2221305404922298e-05,5.499502281425365e-05,8.336269566421289e-05,-8.569439079763462e-05,0.00011955278182703196,-8.21566670774219e-05,-5.901726067192783e-05,0.00010115708083218207,0.0011947355834591683,7.251890881409031e-05,-9.467437035054695e-05,0.00011925698527490483,0.001212728329015577
0.001219999754372062,0.9244633998142592,0.021388396134369016,-0.0041562976236536936,-3.7195027453902716e-05,7.0479374504551405e-06,3.785688166769821e-05,7.8259430527377e-05,-9.529875257510962e-05,0.00012331419508248556,-0.0001039806234665185,-2.083568566924667e-05,0.00010604761125925255,0.001185114174691132,9.211767354006899e-05,-6.847572259560248e-05,0.00011478061841367047,0.0011223527000469723
0.0012299240607925048,1.065107527866258,0.02108848086210987,-0.004700638587266157,-2.284337938839769e-05,1.1745793444567637e-05,2.5686254018924606e-05,6.090403955414476e-05,-8.904914241807714e-05,0.00010788443724378328,-0.0001177041209869098,1.1613948995462803e-05,0.00011827571140589395,0.0011698880706342038,0.0001096488392413326,-4.4259173423214074e-05,0.0001182444179616008,0.0009954444794865818
0.0012399300916896981,1.205917566231487,0.02075932387903618,-0.005465901043820505,-8.850306810007005e-06,1.956159555227383e-05,2.147053681634429e-05,3.088182776280358e-05,-9.55230192907536e-05,0.00010039090845486534,-0.00011440047728633699,3.9296730696048086e-05,0.00012096157343032304,0.001109155542031294,0.00012572962042560338,-2.5621466678536497e-05,0.0001283136664861762,0.0010075740243711694
0.001249908852816136,1.3441422712422464,0.020426026729309002,-0.00646464079419474,2.4414295207028907e-05,4.1126367093370234e-05,4.782714585624571e-05,-1.7880224981441095e-05,-0.00010148496211922219,0.00010304804695736311,-0.00011985495304773172,7.473325648675244e-05,0.00014124542256366648,0.0010612883162581326,0.00014730517252764484,2.6172215634764777e-05,0.00014961216101852095,0.0010003414633637186
0.001259969570289194,1.4795503272172397,0.020110854980767843,-0.007698146432837096,7.156006338420416e-05,5.6940474631532136e-05,9.144976939727881e-05,-5.317622640276182e-05,-0.0001138428936791546,0.0001256499721276574,-0.00013280020117164743,0.00010203545490004683,0.0001674727664066296,0.0011324622425588067,0.00016876686579723882,6.186258994296577e-05,0.00017974769824805753,0.0009563714251043689
0.001269997367040202,1.6092797989246803,0.019824313668360027,-0.009085051144716097,0.0001006793115074095,5.6207414016647773e-05,0.00011530653561721838,-7.210796497345538e-05,-0.00014317568815699506,0.00016030856587170308,-0.00014880923694132048,0.0001131561474579051,0.00018694518636908848,0.001164711766328198,0.00018125280443690347,7.05602642148604e-05,0.00019450277633574614,0.0010055012332925149
0.0012799150102057472,1.7316931194703364,0.01956980445089707,-0.010528356682656512,0.00011800296420208696,5.916121760588672e-05,0.00013200283795847004,-8.303050106562345e-05,-0.0001370528557647701,0.00016024215856162003,-0.00016194088252865225,0.00010363000596768882,0.00019226031200178048,0.001120433648743578,0.00019221481494293007,7.849429066106138e-05,0.00020762439343662882,0.001045233115648294
0.001289907700240844,1.84907004102917,0.019350139556778022,-0.012011708089829539,0.00013209388433691252,3.504437590386048e-05,0.00013666346461913183,-9.319186317311573e-05,-0.00011497864070862032,0.00014800274045056978,-0.00017184238824289553,9.150461408652567e-05,0.0001946866733912366,0.001068321947818533,0.000193663854751977,8.622599366913376e-05,0.00021199200603236041,0.0010369640974562983
0.0012999968930746224,1.9618450138868382,0.01917291197051122,-0.01353338856020294,0.00014063881940669463,1.3655140525303525e-05,0.0001413001782973916,-0.00010363889633531638,-0.0001369277568911226,0.00017172720064345318,-0.00016830570336831088,7.902749065611865e-05,0.00018593588697641124,0.0010330528905046024,0.0001829098330465707,9.127062427427e-05,0.0002044170586828294,0.001019830793085989
0.00130996081967101,2.0676276913417153,0.01905158365296863,-0.015022365987785396,0.0001493122501855129,1.9394586560043054e-05,0.00015056659006332116,-9.893229330877303e-05,-0.0001410009893694371,0.00017224656066956232,-0.00016540987085935608,7.61145505434738e-05,0.0001820819875279921,0.0009584802714614148,0.00017561287335963506,8.852926820698221e-05,0.00019666548405577176,0.0009467490462554411
0.0013199129566355417,2.167601137524562,0.018988581417203523,-0.016473486435758383,0.00014903980819320692,-1.1210996525199375e-05,0.00014946086735114294,-8.13155431131276e-05,-0.0001566929911464876,0.00017653586328623472,-0.00015463518053080347,7.419052641702472e-05,0.00017151172924272388,0.0009584128117749321,0.00016436792474844772,7.968056503001897e-05,0.0001826630973393763,0.0009233168796032869
0.0013299895470651804,2.2623841985198188,0.01895665001523102,-0.017935295173722592,0.00014716509038612208,-3.877180710793424e-05,0.0001521867827860565,-6.961755376866515e-05,-0.00018471683294912672,0.00019740038542892608,-0.00014833535296358464,8.227327359729075e-05,0.00016962390305392072,0.0009689928540093291,0.00015123198186796222,7.262973768275939e-05,0.00016776826617563315,0.000943734646693888
0.0013399971095359408,2.349532328225675,0.01893749427305206,-0.01940799373883292,0.0001400551000787305,-5.9142501955176464e-05,0.0001520304791664529,-6.28692546646493e-05,-0.00018175029345302043,0.00019231669805908058,-0.00015263193188346744,9.664435155519269e-05,0.00018065613003162423,0.0009939775901980064,0.0001410161186294649,7.602013555353631e-05,0.00016020176878829193,0.0009927197738537103
0.0013499303694762272,2.428196560011051,0.018917835325541057,-0.02084891392091542,0.00013517151990792174,-9.49230854030735e-05,0.00016517182549289958,-4.691310833755333e-05,-0.00020836730191722732,0.00021358317406143206,-0.00014476596683683045,0.00011706453341429121,0.0001861754283940499,0.0010460571502379974,0.00013007137910965398,8.859344577664427e-05,0.00015737649855701626,0.001024432222641964
0.0013599919905867561,2.4982502207975217,0.01888565193058212,-0.022248766491986097,0.000132946751391424,-0.00011890671323436849,0.0001783638000204454,-2.3125992048217154e-05,-0.00022251859127855894,0.0002237170869039926,-0.00013400922103851503,0.00012973094916081567,0.00018651699786752872,0.0010794614875305748,0.00012275047970944318,9.802278098955038e-05,0.0001570864280000783,0.0010678048878090987
0.0013699851505381473,2.5566825639724446,0.018835103216466552,-0.02353944746727335,0.00012090341740029868,-0.00012258284854154845,0.00017217488520580187,-3.8295986869250204e-07,-0.0002299105580360849,0.00022991087698220148,-0.0001249181250548718,0.0001430587417166132,0.00018992193540706465,0.0010768884185933425,0.00011402608396570979,0.00011283152203315675,0.00016041477546932463,0.0010444881022378936
0.0013799748265174655,2.602691626146079,0.0187616325965848,-0.02475087709685297,0.0001171403729982915,-0.00012727572258224587,0.00017297680926936903,7.488995471192396e-06,-0.00022352787888529888,0.00022365329796836974,-0.00011083369780838607,0.00016098122373371115,0.00019544580569734365,0.0011252584632173005,0.00011329572490304714,0.0001306010493090049,0.00017289463659095984,0.0010777655581282572
0.0013899123059433515,2.6355032607757614,0.018676081988723104,-0.02591990903282248,0.00012168986967135437,-0.00012044676370685292,0.00017121871179309135,-5.809165786264774e-06,-0.00020895133936552957,0.00020903207560032746,-0.00010043695687528692,0.00016376431010269854,0.0001921102068339448,0.0011727598452428612,0.00011539554381212596,0.00011994101361264901,0.0001664391128254592,0.0011409282560097757
0.0013999942451156462,2.656024039402828,0.018598554315473626,-0.027056889083687224,0.0001402751079237546,-9.494573270485272e-05,0.0001693865344762751,-2.067051334511856e-05,-0.00018359985112518718,0.00018475977769834433,-0.00010011519136797764,0.0001504116880849128,0.0001806840542361165,0.0011640609389926095,0.00011797435214015531,0.00011833679948465197,0.00016709741432816995,0.0011043485056683147
0.0014099338649546564,2.6647642190716905,0.018535681745998737,-0.028152636670530324,0.0001508649686603452,-7.86665200041616e-05,0.00017014305786147168,-3.4345309789639115e-05,-0.0001620919308455179,0.00016569065860746175,-9.369598392205183e-05,0.0001275797111715228,0.00015828935562990512,0.001162457317118702,0.00011319225796682977,0.00011662838050089739,0.00016252589455804093,0.001133430197528641
0.0014199880585482523,2.6634448438392857,0.018495964749585897,-0.029254474370078422,0.00016191669334856412,-6.471480598754453e-05,0.00017437035785631248,-5.79009466091171e-05,-0.00016464958635557176,0.0001745336812918719,-6.632576392808786e-05,0.00011292431425868969,0.00013096185594072706,0.0012259022081882224,8.467804086079029e-05,9.72734577302686e-05,0.00012896703525639417,0.001195702822680693
0.0014299410224153921,2.6533387295683,0.0184880942870093,-0.030329069956484767,0.00017459454315825332,-3.829408009007099e-05,0.00017874476515574928,-8.532804389191611e-05,-0.00016034343879351185,0.00018163395453094514,-4.673924128535632e-05,0.00010484384187447486,0.00011479019058669885,0.0012461445656262627,7.116650472222818e-05,8.83189451973868e-05,0.00011342357548216305,0.0012238870300811436
0.0014399647378862453,2.6348727046945806,0.01849203441269707,-0.031372373876136686,0.0001865131054064272,-2.2093709942748215e-05,0.00018781711984636364,-9.27265994363144e-05,-0.00015151287785973187,0.0001776355099645359,-3.511297057587024e-05,0.00011496814537139248,0.00012021062828552043,0.0011906906825723935,5.271788478402502e-05,0.0001059904674587156,0.00011837717080678515,0.0011893870214253204
0.0014499809452065196,2.607531849134457,0.018485073279210434,-0.03237451177662132,0.00018937712903193066,-3.001448004955586e-05,0.00019174088247690346,-9.636720937259563e-05,-0.00015874711948825343,0.00018570753077912458,-2.55656844273644e-05,0.00013876749831521945,0.00014110288022894506,0.0012210577561801695,3.274604346590465e-05,0.00013887004181695648,0.00014267863146566186,0.001196101460219786
0.001459944908936736,2.5703260240464303,0.018465803217909336,-0.033345970851253764,0.0001822316043215092,-2.3989385388421253e-05,0.0001838038308221711,-9.263173734939392e-05,-0.00016822920906287616,0.00019204610265841898,-1.6952900510082412e-05,0.00015753767244747446,0.00015844721226917344,0.0012729973682768553,1.9260893310645472e-05,0.00015401973566384243,0.00015521939629145568,0.0012271006537473814
0.0014699512338979617,2.5219251446854822,0.018446820831822253,-0.03421720253392336,0.0001896984255243461,-2.2694505967348216e-05,0.00019105112731286847,-9.40683182122635e-05,-0.00016714272306238295,0.0001917955639841342,-1.6760886679322944e-05,0.00018018039611285337,0.0001809582892980088,0.0012249727939615076,2.6925223048291738e-05,0.00016278864367487116,0.00016500033377452432,0.0012464221055373949
0.0014799235030007497,2.4619912268807944,0.01842972260890274,-0.03491369744177164,0.0001890473646714813,-2.9852803173132614e-05,0.00019138990555022964,-9.69211349487525e-05,-0.00017353449823683429,0.00019876601439397062,-2.4502819837519487e-05,0.00018805872062875072,0.00018964828125905188,0.0012849780681538849,3.710485472311203e-05,0.00016836640421001085,0.0001724065437001508,0.0012344998313011802
0.0014899366173026151,2.389892703021029,0.018414405071711114,-0.03541712426603616,0.00018359299058662423,-2.572789762802922e-05,0.00018538692216253725,-8.95800212206547e-05,-0.00017494756894631313,0.00019654829452864234,-2.888924173801294e-05,0.0001742034138101811,0.00017658260863210326,0.0013278541767916727,6.0691941788329023e-05,0.0001677470888869609,0.0001783888943518847,0.0011936675364097094
0.001499990420126971,2.306063291036605,0.018420140192351202,-0.03570868774910482,0.00017452881105396072,-1.768357940765393e-05,0.00017542238987249012,-6.584984595091065e-05,-0.000162570540527295,0.00017540063528703517,-3.417818071620541e-05,0.00015144836079211932,0.00015525705788687849,0.0012933152877738076,6.706345021962046e-05,0.0001473443291846025,0.00016188841125361635,0.0011802554657696948
0.0015099575319327033,2.2130600437837,0.01845330938173572,-0.03576217653062916,0.00016346079408298105,-3.627280911308846e-05,0.00016743699675756635,-4.444189229130084e-05,-0.00014729296084437646,0.00015385154566898118,-4.042116665403291e-05,0.00011990433258314077,0.00012653426289302647,0.0012406361449018113,6.0630301353767346e-05,0.00010575116170763823,0.00012189889927625964,0.0012227385370125912
0.0015199765164080198,2.1116530970088374,0.018507246334407333,-0.03559416961682036,0.00015786262074171838,-6.422771452771725e-05,0.0001704283026404287,-3.680267370248687e-05,-0.00013938100418785828,0.00014415790342560997,-4.036448324070685e-05,7.511099960470662e-05,8.526988782042311e-05,0.0012223461754126302,5.4013584483227536e-05,5.0246157085251334e-05,7.377088592773244e-05,0.0012763167464607552
0.0015299491666946959,2.0048113704064177,0.018573614158954997,-0.03522218671086882,0.00015638835901085613,-7.835511531767223e-05,0.00017491953273020752,-4.028884172395039e-05,-0.00013539761535313178,0.0001412646629938717,-4.243021377591573e-05,3.682211496951547e-05,5.617998924793528e-05,0.0012282496455475879,4.81682316673393e-05,2.9319530946665636e-05,5.638983451732194e-05,0.0012701977175302612
0.0015399987513572432,1.8925154714357353,0.01863951974192937,-0.03471294952196955,0.00015486612765591322,-8.375130781427974e-05,0.00017606191824395145,-4.452049386536932e-05,-0.0001308210532463774,0.00013818908186433507,-3.913100016765027e-05,2.433094488309716e-05,4.607852051688462e-05,0.0012677519630449707,4.258900827757474e-05,5.338282194852254e-06,4.292226558395079e-05,0.0012951331769004717
0.001549974901527717,1.776866403380938,0.018690962224366756,-0.03411056117610726,0.00015578273230517888,-9.893093604494827e-05,0.0001845415665675261,-3.5043392118137666e-05,-0.00013617600605785399,0.00014061274464647307,-4.337899209876049e-05,7.653651477125679e-06,4.4049010618147066e-05,0.0013104277654660272,3.8348612901623055e-05,-1.4743326600392882e-05,4.1085055564333635e-05,0.001318726844214964
0.001559979856524952,1.6568528448724522,0.018712312526864786,-0.033463956526855174,0.00017283408387194993,-0.00010697179470743117,0.0002032598962185729,-3.8952809110657464e-05,-0.0001506214463825508,0.00015557680240955895,-3.80053223279798e-05,-3.842690169827808e-07,3.8007264936207295e-05,0.0014378845136825947,3.410208110632649e-05,-1.7391236300392844e-05,3.828063525907808e-05,0.001366822241729728
0.0015699594351443944,1.5330760015945444,0.01869403342423222,-0.0328113773694821,0.00017844624642577526,-9.874778354083739e-05,0.00020394653127149914,-5.7944599571843874e-05,-0.0001485321653302734,0.00015943456575423347,-2.6537338419965286e-05,2.357676560113427e-05,3.5497805659316376e-05,0.0015017208766949582,2.276027502404234e-05,-2.852138252948328e-06,2.2938282668586518e-05,0.0014392361186436361
0.001579918773549063,1.4045738685208589,0.01862237233892971,-0.03215769360979189,0.00016453429640219275,-8.087298656536335e-05,0.00018333568842035655,-7.234901716625516e-05,-0.00012646692406555597,0.0001456992215748807,-1.9907897191583553e-05,5.7040913236924555e-05,6.041514837764627e-05,0.0014904665725828472,6.357174374968984e-06,1.840743996405939e-05,1.94742782167713e-05,0.001466009920974304
0.0015899439769683828,1.2698394326734366,0.01850023257392113,-0.03148415235242499,0.00015241476084200747,-7.166971778804808e-05,0.00016842448684898758,-6.884791011785296e-05,-0.00012336076312985676,0.0001412724764686193,-2.985402233536087e-06,6.852335202841313e-05,6.858835469455316e-05,0.0014461419215509486,-1.1514711740005327e-05,4.7906565366191375e-06,1.2471526630980996e-05,0.0014182014229023906
0.0015999543075729818,1.130101627705706,0.018335145970312914,-0.03074887657330237,0.0001421618439026726,-4.1544010971824734e-05,0.0001481077132003426,-5.896410534883198e-05,-0.000114274943341851,0.00012859054551315745,1.760864172676892e-05,6.844235797119684e-05,7.067121498969123e-05,0.001374370662322068,-2.7075512206376865e-05,7.841960614761554e-06,2.8188290255372602e-05,0.0013763864681966445
0.0016099164701122103,0.9861277978044756,0.01813064946459486,-0.02992643116781281,0.00012203827576418719,-4.022504436012726e-05,0.00012849667289572132,-4.351666007772247e-05,-0.0001197654537248652,0.00012742630658636728,3.3753041374439316e-05,7.363613868760861e-05,8.100338710723979e-05,0.0013608647638180256,-3.032285904417074e-05,1.9143108578336385e-05,3.585992730966731e-05,0.0013516595830687056
0.0016199934375123123,0.8356976506926158,0.017896302342551434,-0.028976762896348488,0.00011133761313158151,-4.739394395080533e-05,0.00012100516526599097,-4.099725599204665e-05,-0.00012980035885279406,0.0001361209321052112,4.8545434781532375e-05,6.233187031643804e-05,7.90058307675659e-05,0.0013418930293751922,-3.804970409220463e-05,7.916793993252509e-06,3.886458038672144e-05,0.00132791781721577
0.0016299767194849271,0.6824582925278321,0.017653992927631104,-0.027914569515231486,0.00010084155385653307,-4.075030646337744e-05,0.00010876399432284216,-4.32468798336077e-05,-0.0001316362783322734,0.00013855829960169927,5.896335751069959e-05,5.1225269128184695e-05,7.810701457737024e-05,0.0013499062828647543,-4.6557001917822693e-05,-3.543773047853702e-05,5.850971858627913e-05,0.0012382236361455925
0.0016399320316245294,0.5265047620003115,0.017388334141093132,-0.02671934429162601,7.850086751848197e-05,-6.115812696807708e-05,9.951232433923798e-05,-3.9778906533663536e-05,-0.00013180068873414088,0.0001376727386079315,7.524590680443634e-05,3.56309843608393e-05,8.325571174006198e-05,0.001335772489584957,-6.549037127696287e-05,-4.800614195575345e-05,8.120085218438532e-05,0.0012049332720437803
0.0016499685899983411,0.36620709578611144,0.0170963517887245,-0.02542897128414566,7.279857109712077e-05,-6.922502068746295e-05,0.00010045763008832241,-4.185250303647119e-05,-0.00013558506839623613,0.00014189764896723928,7.979849793980688e-05,3.2267502108701454e-05,8.60755015424506e-05,0.0012822573409304538,-8.377447218901277e-05,-4.08264758228478e-05,9.319315059950087e-05,0.0011807935433473704
0.0016599434567047308,0.20379258407797463,0.016794762731419662,-0.02410821701082776,7.958029419536479e-05,-6.271121914463674e-05,0.00010131989059818148,-3.6569542910025715e-05,-0.00014956770567145882,0.0001539734718984811,7.695369218506849e-05,1.8771046934377023e-05,7.920999270247951e-05,0.0013008890910473866,-9.378848779603802e-05,-3.7375080305629226e-05,0.00010096126520066896,0.0012253429254478862
0.0016699831303536646,0.037532645667729715,0.016489384434497194,-0.022738293307080243,7.402796620315389e-05,-7.57813729960835e-05,0.00010593845512063515,-2.479424704647775e-05,-0.00015267496986726064,0.00015467514703587876,7.855211842621862e-05,-1.4741286622743621e-05,7.992334352703568e-05,0.0012554855780649355,-7.444364488277169e-05,-3.792249342360904e-05,8.354622535396731e-05,0.0013129757619849713
0.0016799338482886494,-0.1295775594243135,0.01618021970291295,-0.021351309157786786,7.044041194975009e-05,-7.594701807963963e-05,0.00010358475366017725,-1.6160480672955304e-05,-0.00014976291501315995,0.00015063230678981164,5.97656901566046e-05,-6.352970807602137e-05,8.722362941382202e-05,0.0012498859349595868,-5.303010408546499e-05,-5.361399758195689e-05,7.540989773254788e-05,0.0013420026640672913
0.0016899761201780224,-0.29940759394197397,0.015838185768876186,-0.019988737231173212,5.64052027084809e-05,-7.21311148635113e-05,9.15666130422977e-05,-1.0922317588045287e-05,-0.0001437264155005747,0.00014414083229306665,3.2958216922863995e-05,-8.899793584996331e-05,9.490456600337385e-05,0.0013362087643731114,-3.25922546388265e-05,-7.142890025439236e-05,7.851332914858496e-05,0.0012913929772671597
0.00169992928424783,-0.4675844582208401,0.015452617290137636,-0.01876205965671064,4.1234181029641166e-05,-6.284043256371667e-05,7.516101150184343e-05,-1.1332432588908453e-06,-0.000132786289363527,0.00013279112501676514,1.1758693404478882e-05,-0.00011552892288922229,0.00011612578910183734,0.0013088930002910604,-7.826395046599267e-06,-8.736689808804309e-05,8.771674492907235e-05,0.0012831029529490235
0.0017099755055905552,-0.6357996595576095,0.01502097052246996,-0.017695807165264272,2.7612472148557873e-05,-6.144341398892001e-05,6.736276227092158e-05,1.618092972302228e-05,-0.00011403786093722541,0.00011518010337657866,5.656154153500329e-06,-0.0001386753075989345,0.0001387906085348258,0.0012991571355087058,-1.4377746438138753e-06,-9.670280451342854e-05,9.671349231978323e-05,0.001270265540987491
0.0017199843801098905,-0.8003500953788355,0.014561404561028064,-0.0168301824968043,-4.9293119421083e-06,-5.0065921686241545e-05,5.030799767944937e-05,4.3944395274529875e-05,-8.549398884425145e-05,9.612664565324806e-05,1.989297745242739e-05,-0.00014481013940997786,0.00014617013042294246,0.0012939529403125185,-5.784975497100572e-06,-0.00011441926174581079,0.00011456541101029759,0.0012720177265125947
0.0017299320636266187,-0.95959091875104,0.014090368040864852,-0.01616192255863381,-2.9684803434308106e-05,-3.3055756188134104e-05,4.4428263212766675e-05,6.276252890920209e-05,-8.226144015696544e-05,0.00010347018687417374,3.9557738811931326e-05,-0.00013495416243455673,0.00014063228881848472,0.0012382211179544707,-4.655993833907468e-06,-0.00011454136735917556,0.00011463595908392354,0.0013140444868500445
0.0017399753388256676,-1.1158433604946918,0.013615773347073,-0.015649887028483946,-5.07289486981863e-05,-3.847422169964551e-05,6.366861056609207e-05,6.930601792475618e-05,-8.095825552210473e-05,0.00010657186897943108,3.064703905557529e-05,-0.000128316662661409,0.00013192576291019047,0.0011642968772730329,4.755584653181692e-06,-0.00011029620113108094,0.00011039867557784122,0.0012412335851867723
0.0017499882378221576,-1.2678341514861304,0.013153235246671491,-0.015290201809715688,-4.5658137018458715e-05,-2.6931073363170584e-05,5.3008944419680966e-05,5.72442288496967e-05,-7.46405108078616e-05,9.406438002907878e-05,1.9153924005097894e-05,-8.940771142537893e-05,9.143638043534367e-05,0.0011666324676305987,1.6367684173198653e-05,-0.00011630914508656989,0.00011745517577340873,0.0011062105532231741
0.0017599367238823038,-1.4158871043416101,0.012699996527938672,-0.015064036486958348,-3.9273946460054686e-05,6.471219320916264e-06,3.980351178032715e-05,4.783661115917697e-05,-6.930548398206276e-05,8.421158754697749e-05,2.5864250130999224e-05,-6.501114979809131e-05,6.996719969320453e-05,0.0012723660691069763,1.2694186737186494e-05,-0.00011329973527083533,0.00011400865050231904,0.0010784843751653413
0.0017699212396846728,-1.5619796858798753,0.012252859846447528,-0.014938027679702726,-4.417130287947494e-05,2.1261977739765397e-05,4.902219594710737e-05,6.112053763261986e-05,-5.1118288615151534e-05,7.967935461236136e-05,3.7055753157780774e-05,-5.452342389751358e-05,6.592368766686475e-05,0.0012566504483703315,-1.5056852409896238e-05,-9.943605962285876e-05,0.00010056957172929653,0.0013003624121064729
0.0017799940536531063,-1.706814149748133,0.011788096799978236,-0.014880892036450525,-5.527160536562131e-05,3.1948770273560925e-05,6.384100783732779e-05,5.9335944310178e-05,-3.0628829558970364e-05,6.677484172450731e-05,5.2222691864474886e-05,-4.46126944739912e-05,6.868407423705714e-05,0.0010912435104600128,-3.499809434425738e-05,-0.00011428000511201949,0.00011951897830944148,0.0014158199480069022
0.0017899421800572132,-1.8467844347684046,0.011302346733183666,-0.01487106599162647,-6.126585006509689e-05,5.9883619571641126e-05,8.567118697205013e-05,5.618890749630595e-05,-1.0621254391595804e-05,5.718395203620873e-05,5.554741824861422e-05,-4.728319141727252e-05,7.294666452065449e-05,0.0010412949336035967,-2.3578387990281132e-05,-0.00012533845865770574,0.00012753693425400208,0.001228337496321325
0.0017999695895979386,-1.9835544026914185,0.010779759099214267,-0.01488074968059331,-7.251053536486444e-05,8.896631146570913e-05,0.00011477274203709182,6.505269960256849e-05,2.643307526769305e-05,7.021795492386217e-05,6.289065728553496e-05,-6.091293090471136e-05,8.755352605811346e-05,0.0009833896198186312,-1.7455317958142703e-05,-0.00014315615334275575,0.00014421640809878208,0.001065609885269271
0.0018099469624085097,-2.113282138337057,0.010218054047283303,-0.014869156763768,-8.691521620141172e-05,9.911388561577945e-05,0.00013182494881165688,7.814796568668576e-05,8.169336124017022e-05,0.000113052685999424,5.336062093679224e-05,-7.841771976779257e-05,9.485090743024062e-05,0.00102347204260774,-1.8577239549838938e-05,-0.00017256266840433925,0.00017355975442514903,0.001157798546315363
0.0018199691083681014,-2.235031361414412,0.009613922151290009,-0.014836845194122166,-9.762646863341502e-05,9.321669153198304e-05,0.00013498251352675296,8.256940948168229e-05,0.00011990911117855076,0.00014558812563455776,3.468292110541625e-05,-8.708887463000411e-05,9.374101077290078e-05,0.0010899518819694732,-1.2069554556513873e-05,-0.00016073389545653472,0.00016118641163517753,0.0012212043821791248
0.0018299171679675677,-2.3461652893979688,0.00898228086673768,-0.014804030808097073,-9.593109370304191e-05,0.00010223926055595346,0.0001401985775180688,8.16698270601525e-05,0.00013688598503456382,0.00015939803496567342,2.175664196174635e-05,-9.589564232205976e-05,9.83327294740263e-05,0.001035375394988562,4.23043526933999e-06,-0.00016910893085680888,0.0001691618369435052,0.0012798236467048171
0.0018399400320049208,-2.447585629307797,0.008307294204395148,-0.014780921570792721,-8.953091995571316e-05,0.00011762684714561649,0.00014782374909849412,7.507569004993513e-05,0.00015768280752722038,0.00017464314193846938,2.1096821697409265e-05,-0.0001243446408506772,0.00012612163015920854,0.000983360497699233,2.0361938793122627e-05,-0.00019913108667457538,0.00020016942381795508,0.0012262216203501697
0.0018499899711646014,-2.5374748361402593,0.0075909224685024364,-0.014846905750647772,-9.86642080864986e-05,0.00011210069246216102,0.00014933583363624386,7.179243888270643e-05,0.00018150568586670234,0.00019518828930719477,2.328998581833108e-05,-0.000120274766447222,0.00012250895021732845,0.0010020735194479296,4.410323823133509e-05,-0.0002179088006764181,0.00022232710368896727,0.0011553186776352407
0.0018599223412782957,-2.614000296780101,0.006862387401568735,-0.015089150031418497,-0.00011198284604217344,0.00011759352881698381,0.00016238348385022388,7.801230066332206e-05,0.00019586249028875368,0.00021082702425660873,7.463688812933226e-06,-9.760419930184115e-05,9.788915349541967e-05,0.001202101728923401,5.7281634418762197e-05,-0.00021816953234436511,0.00022556402746236754,0.0012414817262125714
0.00186996112418816,-2.6781801284905327,0.006131077488567683,-0.015591734625723427,-0.00012447789926015593,0.00012941964110112998,0.0001795666753798344,8.268940441611859e-05,0.00023074031493721338,0.0002451094256449899,-1.6338170108135448e-05,-9.613158412205234e-05,9.751008803348296e-05,0.0013796024974136512,7.336939531527633e-05,-0.00022753749473981676,0.00023907400461238237,0.0014009732649426913
0.0018799348770303093,-2.728002572927825,0.0054374076163062526,-0.016372099840381574,-0.00014189667583923166,0.00014022833827808987,0.00019949599863270038,8.400561533418015e-05,0.00025422604045912366,0.0002677458179975893,-3.094989979175502e-05,-9.678927489878882e-05,0.0001016172231098301,0.0013910741628761028,7.866118659570719e-05,-0.00022954417348352264,0.00024264811941755946,0.0015307980242111351
0.0018899777973552358,-2.7639054095016204,0.0047721454054916275,-0.017404068787693544,-0.00015555577208486732,0.00015257598859156363,0.0002178922452121969,8.701889530105455e-05,0.0002770507882975229,0.00029039529513353815,-4.526393814695227e-05,-9.550326993840958e-05,0.0001056867951330716,0.0013580612752720372,8.942302062116408e-05,-0.00021017911044735545,0.00022841132871522546,0.0015639838917286164
0.0018999384412200213,-2.7852787958834666,0.00413029564942977,-0.018660919874982026,-0.0001661864707850286,0.00015960983954389313,0.00023041971259250038,8.960155111920618e-05,0.00028635490684205994,0.00030004594754052676,-5.7054343694144806e-05,-6.017980502077465e-05,8.292651606517697e-05,0.001380019663394134,9.89176777081736e-05,-0.0002272054951954131,0.00024780444711540385,0.0014996334143950016
0.0019099731120282661,-2.7925609342412887,0.003502022754301549,-0.02013381754025544,-0.00016668307101690583,0.0001682840046754062,0.00023686019588191473,8.678555850866274e-05,0.00027751273080077053,0.00029076631325200216,-5.563682282771672e-05,-3.993205870547322e-05,6.848375987648532e-05,0.0014763201644053098,9.95505885512347e-05,-0.00021977995782964098,0.00024127484233648562,0.0014955526649291432
0.0019199545157963268,-2.786133795152063,0.0029046912696120007,-0.021746302113546858,-0.00016367257595713194,0.00018485781204687318,0.0002469030635597708,8.41753530082482e-05,0.00028744102938781975,0.0002995126632207604,-5.665028787155598e-05,-2.3462642190372653e-05,6.13168059709866e-05,0.0015432488715517666,0.00010484258218633053,-0.0001777287815047162,0.00020634797506796288,0.0014836422173755575
0.001929936960045592,-2.7668748831321506,0.0023461092608993753,-0.023446003502861582,-0.00015833009620059473,0.0001989520353926679,0.00025426429507458367,9.318071559246723e-05,0.00028404944534541005,0.00029894269209893617,-4.849792152298027e-05,1.5933046918168282e-05,5.104811824294511e-05,0.001551210010934744,9.091241668764081e-05,-0.00015682762291096595,0.00018127319387016758,0.0015406001121857616
0.0019399585878920463,-2.7353587719931616,0.001813980591496954,-0.025109564689300336,-0.0001490310326332121,0.0002083988655934984,0.0002562036999506029,9.967062900254368e-05,0.0002839816227903761,0.00030096477595960985,-3.207638418783511e-05,3.793448018978421e-05,4.967815626444614e-05,0.0015993433502561939,8.091680338776867e-05,-0.00013080741493455613,0.0001538119269509226,0.001588492147658885
0.0019499597434269062,-2.6922243471205394,0.0013023422627126242,-0.02667313205852486,-0.00014557478756646635,0.0002087714101293154,0.0002545142834153019,0.00010880439354670835,0.00029322469103276044,0.0003127604762215405,-9.369021525640341e-06,5.3998488155108716e-05,5.480524872113371e-05,0.0015396087820737253,6.062149736524164e-05,-0.00011319598747178279,0.00012840676587515162,0.0015401219733379135
0.001959911501671131,-2.638121156353702,0.0008133657315678326,-0.028122690374243833,-0.00014164376180342622,0.0001998586585551663,0.0002449621167799141,0.00010622633804823834,0.0002776086299228296,0.0002972382652061628,1.273207349096056e-05,7.253329870430869e-05,7.36422780494173e-05,0.0012722967606221144,6.475906623005835e-05,-0.00011779193307855344,0.00013441977591623747,0.001266639125782568
0.001969983977620256,-2.572474050162993,0.0003458198332045863,-0.029450562231275276,-0.00014338013408398374,0.0001928799545084598,0.0002403342249891319,0.0001037047704328135,0.0002701318874629888,0.00028935430882369694,3.5760087326812404e-05,6.501794987325654e-05,7.420321860500763e-05,0.0011363920004106493,6.399378156273088e-05,-0.0001235128258102512,0.00013910651393206564,0.001079012496936134
0.0019799540554424335,-2.4968080650543696,-6.67061331529143e-05,-0.030673253533995744,-0.0001524484625567129,0.00018598148146996285,0.00024047795155828243,9.909885262294246e-05,0.00027919198841999335,0.00029625790958064455,5.0587182356260736e-05,7.267282221249177e-05,8.854604512384512e-05,0.0011721319426819528,4.072685673037202e-05,-0.00012683973540480973,0.00013321784916706317,0.0011241152591617057
0.0019899863872632397,-2.4101688615744337,-0.0004245553795341894,-0.03187625708200379,-0.00016002503441282833,0.00016664445084495043,0.00023103762601845178,0.00010362513864041901,0.0002575506538499382,0.00027761575721989696,6.322459392932439e-05,7.731065250531725e-05,9.987134858569738e-05,0.0010844467792839392,1.5171219634769565e-05,-0.0001118402883295261,0.00011286459143078466,0.0011260265092062406
0.0019999703538813034,-2.3144751066600047,-0.0007436613207138683,-0.03306542167721894,-0.00015856263511851649,0.0001580675316549138,0.00022389161176606187,0.00010667939264789308,0.00023810550595241995,0.0002609113350940914,6.356575712135188e-05,8.482506749713734e-05,0.00010599951676448626,0.0009710178333313889,9.200231294462698e-06,-9.853246702776581e-05,9.896105958633106e-05,0.001036941329091439
0.0020099469732676833,-2.2109910990552244,-0.0010463402905378134,-0.03428265144116845,-0.00015850631818404128,0.0001466714593198501,0.00021595548125313924,0.00011131059888353292,0.00023171033926460186,0.00025705978049070155,6.192190658108008e-05,0.0001176327844820111,0.0001329353019315309,0.0009336109076689488,6.637522733118905e-06,-6.871617885787778e-05,6.903600469943578e-05,0.0009934230048477114
0.0020199909790062837,-2.1009278238113853,-0.0013370945092374543,-0.035541899595997545,-0.00015693979591568322,0.00013437899092289964,0.00020661029195931418,0.00011193990030616352,0.00020100808537937552,0.00023007562163001135,6.818825382815253e-05,0.00015131469639674986,0.000165969199870859,0.000951334997752093,2.114867106058488e-05,-4.434910089151066e-05,4.913358360138421e-05,0.0009887633060298713
0.002029966872477179,-1.987523630613563,-0.0016079532924070613,-0.03681187367500788,-0.0001565064592528886,0.00012273585074906685,0.00019889283759596093,0.00010992032192298643,0.00016365621668417378,0.00019714419705137205,6.456560065535207e-05,0.0001530762140246505,0.00016613561956458045,0.0009944678943385366,2.937282929094028e-05,-2.5955650069078043e-05,3.919768961384268e-05,0.0008548794294052698
0.0020399606461028257,-1.8717594182109452,-0.001866811203782328,-0.038056766581211696,-0.000150566642033514,0.00010819207471485915,0.00018540722403497122,0.00010757249699340889,0.00013915389353736404,0.0001758853268354271,5.432074017038592e-05,0.00016460265114982272,0.0001733342885242525,0.0010329070141136486,4.0674396933520114e-05,2.0366637385437163e-05,4.548853134907124e-05,0.000822993630908517
0.0020499637944735856,-1.7559191193894768,-0.002106854434538929,-0.0392315628860728,-0.000145200715988661,9.017842151040205e-05,0.00017092511702417387,9.822509697460366e-05,0.00010244886362055032,0.00014192934627064416,5.396897055273779e-05,0.0002045470380448269,0.00021154701736359732,0.0010717084921853365,4.1301200025598e-05,5.216156471855585e-05,6.653283367963931e-05,0.0010110669699991306
0.002059965218332684,-1.6419865391941415,-0.0023148077518319304,-0.040306778701091076,-0.0001344669243086784,7.641229145268456e-05,0.00015466154020339333,8.846431826731432e-05,8.262807247140283e-05,0.00012105095607569599,5.4594642164875846e-05,0.00020505282110204484,0.00021219621673116147,0.0011093339966040572,3.922600555224855e-05,5.55563551346569e-05,6.800873552296905e-05,0.0011202179776988344
0.0020699561710697525,-1.5308106345107149,-0.002484051051315051,-0.04128053984702477,-0.00013404997998425327,6.751800710254807e-05,0.0001500935655412264,7.913162066046191e-05,6.476693062763825e-05,0.00010225736497327001,4.435834186581241e-05,0.000171057498952133,0.0001767153938988997,0.0011453936523014934,5.3077274046894424e-05,3.831051657207937e-05,6.545909180754572e-05,0.0010141586373263096
0.0020799201752331837,-1.422376559763366,-0.0026135255837905574,-0.042172164838321424,-0.00012155490870831764,7.590912639088943e-05,0.0001433101228124359,7.007241050920607e-05,5.74894758016858e-05,9.063764418012701e-05,3.217818920454076e-05,0.00013891763555617546,0.00014259574092167552,0.0011886750756733623,6.139420016337641e-05,2.3036753525897008e-05,6.557392642440787e-05,0.0009350036521578492
0.0020899953148975584,-1.3139166774230175,-0.0026938004770909883,-0.04295580175102806,-9.996448766208489e-05,7.901957597894238e-05,0.00012742445676335046,5.6277399867876634e-05,6.218328183848113e-05,8.386838663103551e-05,2.2614126481468786e-05,0.00011286518324379229,0.00011510841978402222,0.0012367050749535762,5.951712497955277e-05,7.563059723798036e-06,5.999573350012016e-05,0.0009691388775261984
0.002099958728119006,-1.206359000603748,-0.0027287826968254566,-0.04355748331536744,-7.991076864345562e-05,9.048928942543534e-05,0.00012072299882751461,4.8681342069947526e-05,5.510616314674493e-05,7.352932940321782e-05,5.994153686708636e-06,8.542405232741326e-05,8.563409714860385e-05,0.0013001133296533201,4.327532069704811e-05,-7.793790480671678e-06,4.3971542518872006e-05,0.0011319375144747189
0.002109925032315064,-1.0970076426907143,-0.00273740778738802,-0.04390805530466495,-6.800355728444653e-05,0.00010259202333026686,0.00012308374000791908,3.551450209768889e-05,5.988370897459856e-05,6.962283001861649e-05,6.396705586932579e-06,6.792069238269342e-05,6.822124519612906e-05,0.0013126325448627268,2.318916313902991e-05,-2.1348705429739592e-05,3.1519906576865615e-05,0.0012449291650366867
0.0021199536060964004,-0.9844163513465997,-0.002737907463350753,-0.04397032064383281,-5.131698353107259e-05,0.00011755937441348919,0.00012827174011144978,3.123317369141355e-05,6.900076577331204e-05,7.57404569311638e-05,9.903848706734053e-06,6.142889709659263e-05,6.222214732480424e-05,0.001322952822734549,1.2365821023330633e-05,-2.4510251505993228e-05,2.7452977224120686e-05,0.0012896463688732798
0.002129985021832349,-0.8694083647022631,-0.0027461210550859196,-0.043758340490592317,-4.740432532262086e-05,0.00010288822962185482,0.00011328352860858634,2.823502121676591e-05,5.420912130525198e-05,6.112156130040156e-05,2.144106097827133e-05,5.818096025718409e-05,6.20059935193525e-05,0.0013317063482748723,4.8134229123165485e-06,-1.2262622190226577e-05,1.3173493959958048e-05,0.0013276828477729792
0.002139970783585738,-0.7534793487386359,-0.0027628779453527283,-0.04334712421011259,-4.384252843325992e-05,8.958285544401884e-05,9.973592777392297e-05,2.243033988807465e-05,5.080375898883991e-05,5.5535052668478536e-05,3.177676994938576e-05,6.351870108575116e-05,7.102385863945434e-05,0.001352960853181965,5.255107803035323e-07,-1.1529410368087758e-05,1.1541380550696036e-05,0.00141942585701964
0.00214996623596746,-0.636668421230414,-0.002780903376756412,-0.04279211722951776,-6.266218417445499e-05,7.577971981267467e-05,9.833165950191623e-05,2.5288718743441112e-05,5.2530943505492356e-05,5.8301109091183674e-05,3.742157665824244e-05,5.0708665877513084e-05,6.302176762568608e-05,0.0013452073625854224,-1.3026648874746767e-05,-1.8053694855376316e-06,1.3151157359154807e-05,0.0014748780121931616
0.002159951286584308,-0.5193400948974758,-0.0027835837804904835,-0.04210568760173848,-8.427755141571756e-05,6.645486581697341e-05,0.00010732639406679449,4.164196786563554e-05,4.508181128304022e-05,6.137119190860053e-05,5.6168614021126494e-05,2.6281940926652072e-05,6.201333421068662e-05,0.001367046086459486,-3.404000417847562e-05,-6.544595158033544e-07,3.4046294977992294e-05,0.0014876797765385964
0.002169946304954317,-0.4005343917684694,-0.0027660029167691056,-0.041322512180851305,-8.823435224114638e-05,4.636566849212726e-05,9.967485204471855e-05,6.118959168297791e-05,2.4499356123855876e-05,6.591194566095795e-05,6.955986654248504e-05,9.206961792570606e-06,7.01665388832753e-05,0.0013404905883468792,-5.3053335661638426e-05,-3.5955388281739725e-05,6.40893623881307e-05,0.0013791889890043944
0.002179943703760136,-0.27992563206774784,-0.002731428560457229,-0.04045186937112868,-9.932786931633264e-05,2.7905086793632392e-05,0.00010317324988524212,6.79359629884098e-05,1.5140712069839511e-05,6.960270274310022e-05,8.360486408395494e-05,-2.183914639421779e-06,8.363338317710733e-05,0.0012883605975099921,-6.860929062391664e-05,-4.571544270192024e-05,8.244474793065721e-05,0.0012495272468467148
0.002189966126711361,-0.15704445707740824,-0.0026794901934135405,-0.03949850526519138,-0.00011472937852061854,1.5790719547293076e-05,0.00011581095422950556,7.344692753531853e-05,-1.4984497313289114e-06,7.346221148301793e-05,8.588380557828883e-05,-2.2149460199062876e-05,8.8694005703425e-05,0.0012352321570587555,-7.321712420933954e-05,-7.486924486813903e-05,0.00010471939220894676,0.0011148334418226691
0.002199914040111689,-0.03268881112266577,-0.002610299480754708,-0.03850390186785324,-0.0001217413197127184,1.6966341503139156e-05,0.00012291788181300334,7.863051942591385e-05,-1.8974540482042978e-07,7.863074836543059e-05,7.531415145895319e-05,-3.60864010242762e-05,8.351317111011306e-05,0.0011359507878975126,-7.417612817512178e-05,-8.50396585082536e-05,0.00011284432422701854,0.001068729609249954
0.0022099518420849945,0.09531315294054223,-0.002555869751142598,-0.03744019800839866,-0.00012194421203705775,2.115205079857102e-05,0.00012376510050221844,7.388669722299636e-05,4.737729223658398e-06,7.403843667122804e-05,6.082005592029279e-05,-4.247556049153883e-05,7.418390958434258e-05,0.0011421540691054504,-7.39156839051495e-05,-6.9464287033538e-05,0.00010143379860896333,0.0011405263952153732
0.0022199795458454877,0.22530370820944406,-0.002545553420106227,-0.03632805325594899,-0.00012187296250562064,-1.762774835400615e-06,0.00012188571025767023,6.930639264646947e-05,-9.194241120244939e-06,6.99135904631124e-05,4.7944925093885055e-05,-3.811772872250283e-05,6.125093538241327e-05,0.001228061856690069,-7.657752153760605e-05,-5.3543941370433786e-05,9.344019725109194e-05,0.001193342441291979
0.0022299464288808683,0.3559840102429608,-0.0025659844728577776,-0.03511695965199114,-0.00010592207544360974,-2.662842746714398e-05,0.00010921794365238114,6.662128014346983e-05,-2.287049743671409e-05,7.043759380442687e-05,4.428172680464073e-05,-3.8291939028473275e-05,5.854181346150076e-05,0.0013008057099567591,-5.960966577993008e-05,-2.9502994260519507e-05,6.65111939806467e-05,0.001187100694672694
0.0022399737534004424,0.48776685807855374,-0.0026169249526844735,-0.03378479941501252,-9.335974529786541e-05,-4.576118121594248e-05,0.0001039717641879786,5.234015449022064e-05,-6.34252796574944e-05,8.22329488203575e-05,4.0079215448728574e-05,-2.6740278126812096e-05,4.818076364364588e-05,0.0012505974515708298,-4.0887085623349716e-05,-3.0083449643730608e-05,5.076187263328655e-05,0.0010626216209291832
0.0022499780068809625,0.6177417606977068,-0.0027017476214800905,-0.032411862022025326,-7.74556536408547e-05,-6.929411828041203e-05,0.00010392811510458457,3.753991679084816e-05,-9.967587128992809e-05,0.00010651067866683656,3.8091101322947074e-05,5.727422111421599e-06,3.85192856117221e-05,0.00124143665877267,-1.9637125954637123e-05,-2.6559366350983452e-05,3.303054127204147e-05,0.0009259540136601009
0.0022599422814206815,0.7443811194023162,-0.0028015423457539834,-0.031041793481483164,-6.173168740069169e-05,-0.00010679822788411615,0.00012335583775616103,1.9212938994791866e-05,-0.00012421124120083501,0.00012568838238067036,3.0757191301081235e-05,1.8887537890375667e-05,3.6093543803451666e-05,0.0013377387925674927,-4.362120435309295e-06,-2.079424207658136e-05,2.1246849136556922e-05,0.0009193336618940856
0.0022699932041969294,0.868003064813744,-0.0028787789294051807,-0.029686240940540683,-4.7371869329915824e-05,-0.00012336701744430296,0.0001321495932529252,5.896857595727965e-06,-0.00016703076009617375,0.00016713481907672573,2.352246836233446e-05,3.910648604573123e-05,4.563577290571507e-05,0.0014207382240508464,8.841900012865333e-07,-4.3494365243832055e-06,4.43839949058371e-06,0.001128481253846968
0.002279952059043025,0.9853709290573383,-0.0028903737720795434,-0.028301550116627026,-3.207719823659265e-05,-0.00012872224127780688,0.00013265881820026737,-3.731176043630935e-06,-0.00019025363462504773,0.00019029021825283014,7.441568512272604e-06,6.0893309383148116e-05,6.13463289003885e-05,0.0014389615373926767,1.7774507404116902e-06,1.6529086098848473e-05,1.6624380241011568e-05,0.0013136564220929147
0.002289964359032452,1.0975335279542107,-0.0028384865828308564,-0.026842456565844722,-2.7042083971666117e-05,-0.00012283913963590632,0.00012578047754727414,1.6238381359899405e-06,-0.00020456224242708815,0.00020456868743062972,-1.2309929569934153e-05,6.339130306915715e-05,6.457547267207939e-05,0.001512861842717084,5.055707149582052e-06,1.050548813053554e-05,1.165870728868163e-05,0.0013625878326386912
0.0022999640222200143,1.2030616598922919,-0.0027469348668325345,-0.025321215407239993,-1.4190792087874753e-05,-0.0001348286133261062,0.00013557335118496536,4.029333353540963e-06,-0.00021433918652049815,0.00021437705662113857,-2.5653224857101475e-05,9.624863960181864e-05,9.960867718612561e-05,0.0014448931039920307,1.8042272229215618e-05,5.100211541124475e-06,1.8749286518621033e-05,0.001328245962782019
0.002309991084289151,1.3015477039059131,-0.002609659587210862,-0.023767182956251635,-4.137211388261473e-06,-0.00013980449951389178,0.00013986570202305113,-2.4657517359947395e-08,-0.00022426593492502357,0.0002242659362805419,-3.359959406387484e-05,0.00012778217891567403,0.00013212576572983222,0.0013878356824522458,1.2459962200869756e-05,1.634914149315818e-05,2.0555901478904046e-05,0.0013833420487362508
0.002319917579662434,1.3911219855399939,-0.002433423919845205,-0.022230527704976667,6.372942772899827e-06,-0.00013784073735106532,0.00013798798235017436,-5.358393337979821e-06,-0.00023613655738653533,0.00023619734569535068,-3.896100711202009e-05,0.00013438041879637586,0.00013991446326621222,0.0013308060597035632,-8.342667093270972e-06,1.904882659520123e-05,2.079562186815273e-05,0.0012563939996260627
0.0023299731467054303,1.4732738578224174,-0.002247222313510764,-0.020648859887978335,1.6594354216960868e-05,-0.00014081064520481942,0.00014178508523422166,-2.2617499194916256e-05,-0.0002255146700809111,0.00022664601847712705,-5.424216868446056e-05,0.00014130819932542824,0.00015136122376681696,0.0013491342863566707,-1.4336670211420598e-05,3.634501020631494e-05,3.90704476509826e-05,0.0012590840758913437
0.0023399462295683525,1.545972224417825,-0.002069439611638983,-0.019091890001610066,4.6424774602019016e-05,-0.0001500876147707393,0.0001571036339631204,-3.270111351586511e-05,-0.00022694310545981968,0.00022928701651189136,-6.624527018234868e-05,0.00012295562951539243,0.00013966575332220428,0.0013639376674170318,-5.3556642463597115e-06,3.1595020634355415e-05,3.204572465095898e-05,0.0012770122000850524
0.0023499603114730673,1.6108117958991657,-0.001904650808731762,-0.017612745378483233,6.298115528426736e-05,-0.00016396957641938241,0.0001756492183645936,-4.3220723557287934e-05,-0.0002489310421090796,0.00025265528822949237,-7.224064748220839e-05,0.00010482764399913289,0.00012730886102333035,0.0013267394234353544,-2.2468871600141622e-07,1.386286382645618e-05,1.386468457953392e-05,0.0012848501484303697
0.0023599678377285343,1.667689696872919,-0.001761250859136029,-0.01623051251329939,7.616941901974605e-05,-0.00016693185886918583,0.00018348848982791108,-6.852965104301367e-05,-0.0002484936569864181,0.00025777007319423414,-7.914138594633154e-05,8.377765376417281e-05,0.0001152477949452215,0.0011955535925790924,7.4128201360513605e-06,-1.6654748953895029e-06,7.597612058839355e-06,0.0012532542432217362
0.002369916117142363,1.7167105516119248,-0.0016568708915161558,-0.015001775619674699,9.684673000719688e-05,-0.00016655514756974926,0.00019266527008017774,-7.957641832641738e-05,-0.00026107933845589466,0.0002729374055021198,-8.734013426990872e-05,6.850130725389953e-05,0.00011099877544269951,0.0012508699254931,1.2299602583303963e-05,-6.563373888158044e-06,1.3941237409318168e-05,0.0012334954379858072
0.0023799909620431724,1.7594193148068207,-0.0016012084370114808,-0.013938796882736026,0.000127220146102829,-0.00016930230012328172,0.00021177401729546264,-7.615967276168156e-05,-0.00026911427698859486,0.00027968337425428167,-9.599396719474397e-05,4.588792270682577e-05,0.00010639804127958933,0.0011900400138114852,3.387885032227385e-05,-1.1551522035790955e-05,3.579405202687172e-05,0.001236414370664418
0.0023899964261327646,1.7953422902033351,-0.0015864535087979196,-0.013093609401254437,0.00013832052058226994,-0.00018119928252687676,0.00022795996666609045,-6.868014444540811e-05,-0.00028920310704751276,0.0002972463614024186,-0.00010019459168715966,3.7949168402933664e-06,0.00010026643305304815,0.001032724050684977,4.911423129532142e-05,-2.0876420972534052e-05,5.3366962330198165e-05,0.0012921960818335645
0.002399919542293609,1.8248652173229247,-0.0016149602030233103,-0.012456907931981743,0.00015062444892739333,-0.00018091568667172537,0.0002354107268129106,-6.755464145527783e-05,-0.0003002404958564785,0.0003077466245701084,-0.00010842412449896255,-2.024052608705758e-05,0.00011029718794986294,0.0010480389103826615,6.891262215598752e-05,-2.7574362256355698e-05,7.422462493174779e-05,0.0012347152920335791
0.002409967486389045,1.849297176674111,-0.001688850500333004,-0.011976836185700189,0.00014687232849431653,-0.00017559095813116714,0.0002289184690119251,-5.978686228327911e-05,-0.0003072851970570818,0.00031304737857405763,-0.00013386555318808344,-3.927043613662967e-05,0.00013950682235902554,0.001267743852339269,8.247233442420279e-05,-3.472673019491553e-05,8.948537162803763e-05,0.0011938128959339046
0.0024199444124620006,1.8685958035346688,-0.0018017224232303077,-0.011637592846679914,0.00014536335034301536,-0.00017512770749178466,0.00022759661147362084,-6.610471749746464e-05,-0.00030545692370307373,0.00031252802420513433,-0.00014619457285930623,-3.801576376551847e-05,0.00015105645113066407,0.0012448191982734054,8.985190480055999e-05,-4.872690695537579e-05,0.00010221387507440829,0.0011948678547100485
0.0024299537780780815,1.8832093871787172,-0.001982396160734134,-0.011392167254813675,0.00015182337691929323,-0.00016269272789029557,0.0002225292373769423,-8.115389591088111e-05,-0.00029960973900765704,0.00031040610581905523,-0.00014093053380972813,-3.037381234301419e-05,0.00014416651426785474,0.0011731509866785453,9.035080580977415e-05,-5.0740748017239016e-05,0.00010362379852053514,0.0012388647230367421
0.002439912383324009,1.892633710395875,-0.002308043579643455,-0.011186053174981133,0.00016699877874049073,-0.00013064543436701488,0.00021203023751757995,-7.755330383654897e-05,-0.00028047307382630607,0.00029099769771862564,-0.00013250675597376583,-2.1758461068115786e-05,0.00013428131294690202,0.0011754050985394826,8.62463136473988e-05,-1.4215864207909899e-05,8.741005327159584e-05,0.0012331961546605268
0.0024499348022887285,1.896153723624575,-0.002915679652880842,-0.01098902017092537,0.0001767764770922763,-0.0001126802740311687,0.00020963484206804782,-7.440049999054947e-05,-0.00025191200511059144,0.00026266916971293456,-0.00012969938228199056,-8.379303567976799e-06,0.00012996977530416154,0.0011653668333568416,7.204719009883028e-05,6.415056174303262e-06,7.233222343365683e-05,0.0012781747589438535
0.0024599363281703726,1.8929739252250135,-0.003915007306701418,-0.01078017671033099,0.0001871546753757199,-0.00010303096467769669,0.00021364047415554918,-7.117190155586433e-05,-0.00022884895946167266,0.00023966077237997865,-0.00012444368590453224,-6.91984369602436e-06,0.00012463593060704157,0.0011503744739517906,5.901149543971612e-05,2.0588068384074753e-05,6.249980123023574e-05,0.0012081610893138945
0.0024699639710001366,1.8820527548562545,-0.0053216821228115035,-0.010526071163391446,0.00019551655311569058,-9.205527050525315e-05,0.00021610389947901445,-8.57700599093715e-05,-0.00021250699043126402,0.00022916309510697948,-0.00011619119880896811,3.880234874520265e-06,0.00011625597147392728,0.0011043144477276405,6.84771399160201e-05,3.573173431526065e-05,7.723908031724981e-05,0.001157740249732289
0.0024799783935041467,1.8615409017122122,-0.006937902448988,-0.010197079014047481,0.0002160326552037013,-8.113827766180947e-05,0.00023076725984481894,-0.00010652164876018147,-0.00021044351424309412,0.0002358671964084256,-0.00010921873197358295,2.0548605707571838e-05,0.0001111349477457141,0.001086508441909008,6.790979736124118e-05,4.4500212519688666e-05,8.119119097502078e-05,0.001169408141788827
0.0024899589937178272,1.8305267396828802,-0.008569841472388307,-0.009890162247045335,0.00024165488977931316,-6.525946275560119e-05,0.0002503115723121919,-0.00011165089210306289,-0.0001705913854599993,0.00020388070654324273,-9.734152991617701e-05,3.231853375873274e-05,0.00010256637397673923,0.0010429037296510262,7.283467135525042e-05,7.044996320665021e-05,0.00010133156796993573,0.0011335592823502158
0.002499980759365974,1.7892876802684607,-0.01032676766094524,-0.009723851002411205,0.000247409747311357,-3.945990521645019e-05,0.0002505367581500981,-0.00013487438085299378,-0.000151267274197619,0.00020266446865115767,-9.718857886034336e-05,3.951420163370312e-05,0.00010491421253406102,0.0010552973817249058,8.404944595779885e-05,9.488624042801868e-05,0.00012675846318245074,0.0010998109821197355
0.0025099259281406287,1.7395796743550143,-0.012372486039706651,-0.009652911408918257,0.0002498408362083446,-3.3945914573855275e-05,0.0002521364086234679,-0.0001500318854314826,-0.00012830594354861475,0.00019741322599062567,-9.881760700898856e-05,5.299596928302943e-05,0.00011213158437849126,0.0010559791327175764,0.00010243761576798303,9.973764538162654e-05,0.00014297224566502416,0.0011199886839659864
0.002519968243326099,1.6819827931182003,-0.014716621322404531,-0.009623518681441127,0.00025138973049889865,-3.389474528860736e-05,0.00025366444441129007,-0.00015828406624109406,-0.00010334602807140743,0.0001890350421058254,-9.566005813484805e-05,4.886462196686744e-05,0.00010741786630876343,0.0011004395181144718,0.0001005163883095873,0.00010158563075828783,0.0001429097081914414,0.001175570659635913
0.0025299626932118757,1.6179501831150604,-0.016907244278696987,-0.009682365989059034,0.00025035725099581884,-1.098454517408959e-05,0.0002505981112436106,-0.00015030097462772566,-8.404499459371125e-05,0.0001722032058072706,-9.519561091627243e-05,3.841046975366684e-05,0.0001026526596071416,0.0011127519223325644,0.00011080463659545597,9.638582829295837e-05,0.00014686012183969723,0.0011316491649846108
0.0025399921288444347,1.54828688833963,-0.01891764902276802,-0.00986020839538789,0.00024517307197161314,2.8341350316275043e-06,0.0002451894523452738,-0.00013590794336767196,-4.8973165808983345e-05,0.0001444622443401199,-9.991024934774412e-05,3.517151895462245e-05,0.00010592022314130466,0.0010460809303383038,0.00011568903863915884,8.305044293914925e-05,0.00014241253362552635,0.0010923890247989646
0.0025499517793088357,1.4746938725910623,-0.020964478826245234,-0.010174096861827894,0.00024794446644301653,1.8685615437010204e-05,0.000248647563157116,-0.00013524338800645396,-2.3673672306281398e-05,0.00013729973328426189,-0.00010095544954365626,2.2019267248704548e-05,0.0001033288484535253,0.0010217337531946446,0.00011794977901474352,5.3631934247413096e-05,0.00012957057822185432,0.001109687342763867
0.002559945931782428,1.3976598712937849,-0.023283354977609846,-0.010565093589185214,0.00026304902113228213,6.463144740033738e-05,0.0002708726850601854,-0.00013652963598253512,-1.4186315705165941e-05,0.0001372646824744449,-9.894183388872574e-05,8.755427931622323e-06,9.932846526313608e-05,0.0010822691475083517,0.00012465041945086084,4.0038281428230924e-05,0.00013092284387761276,0.0010858309819069775
0.0025699875608820484,1.3189134066141712,-0.025509630886304778,-0.010953653423510134,0.0002538183886968727,8.15055284404628e-05,0.00026658380597297324,-0.0001445238748129631,6.1771934347480525e-06,0.00014465582639383497,-9.603945457613145e-05,-5.887446956056476e-06,9.621974260483758e-05,0.0011028552142355688,0.00012954268836738261,1.2883854338439905e-05,0.00013018180292215554,0.001007554501535606
0.0025799634407477146,1.2415707273156777,-0.027143427969004652,-0.011304337803702871,0.0002462142034505986,0.00011199546927037889,0.0002704892218146689,-0.00014975491014385285,2.1604056811539643e-05,0.00015130521598051295,-9.765495585764607e-05,-1.7291181938028327e-05,9.917396521452996e-05,0.001075080686110392,0.00012154507021079387,-1.792855878785478e-05,0.00012286023487181023,0.0010467248584714113
0.002589997635988605,1.167092845636869,-0.028108902060939533,-0.011593375760762418,0.0002454876143388866,0.0001351828643895428,0.000280247347210209,-0.00015738174807090064,3.7433421401259244e-05,0.00016177229572351593,-0.00010044825636915573,-4.581979632625949e-05,0.00011040518983717903,0.0010758490586918472,0.00012855815814683905,-4.024648093547533e-05,0.00013471072434590077,0.0010697778033075364
0.0025999538586885173,1.0992188494619761,-0.028623322309134978,-0.01177665669981766,0.00024195971525210443,0.0001381182892171516,0.0002786057530295313,-0.00015134669720466868,3.84933790198868e-05,0.0001561651785230316,-9.53940028931464e-05,-5.529857173029533e-05,0.00011026308459039336,0.001130231835423204,0.0001427198619830113,-5.2281604496566596e-05,0.0001519944906014202,0.0010750650549502063
0.0026099321790062882,1.0386554596585627,-0.028841057162796637,-0.011825598705826505,0.00024374693385655413,0.0001511500305410397,0.00028680812313640737,-0.00013899602118717198,6.172422397063164e-05,0.00015208475837716763,-8.978956911439712e-05,-7.120486882484602e-05,0.00011459624804552994,0.0011875814145877414,0.00014143637625345512,-6.786830818018845e-05,0.00015687688097023716,0.0011176545014059884
0.0026199814028189197,0.9868714636971394,-0.0288240160625689,-0.01176085706964108,0.00025186477050316396,0.00015003025273407488,0.0002931636733227052,-0.0001306385597665896,5.322670133168424e-05,0.0001410656408646029,-8.179308646558044e-05,-7.153343014426256e-05,0.00010866066731697358,0.0012221423768254461,0.00013893269024076264,-7.669788812218536e-05,0.00015869738012941158,0.0011160932984429716
0.00262996368374016,0.945958477695303,-0.028522915511100123,-0.011603393361440555,0.0002400219180436797,0.00013932459151234211,0.000277528130000272,-0.00011307564902503925,5.672320174465297e-05,0.00012650543078697633,-8.006607556266625e-05,-6.791675633369063e-05,0.0001049917246591201,0.0011893285350159538,0.0001290952139159085,-7.27139272330956e-05,0.00014816507506714967,0.00113213468917622
0.002639926869237403,0.915493462720321,-0.028027853177534406,-0.011396577713226956,0.00023221553997017363,0.00011637076725431573,0.0002597425888740571,-0.00010705361665479599,7.069912685520589e-05,0.00012829202382440036,-6.33139101103695e-05,-5.47907786590889e-05,8.372980735397175e-05,0.0012031784640596688,0.00012605811700077223,-5.394208391050159e-05,0.0001371145407255845,0.0011330182233633573
0.0026499809017479343,0.8936954479064635,-0.027333765312305965,-0.01120629009389448,0.00024674363943006554,0.00011107387075427099,0.00027059162655841863,-0.00010845171275428384,7.688801611547054e-05,0.00013294187083650715,-5.088815614128587e-05,-3.867729868582279e-05,6.391821234274501e-05,0.0011911971822864361,0.0001254584160978035,-3.3548862200123625e-05,0.00012986662513784087,0.0010905772669254818
0.002659931608901232,0.8794879718192379,-0.026436773793379484,-0.011090463611442036,0.0002542655053768038,0.00010999664408825214,0.0002770382806313941,-0.00011002123106811264,8.644266516690773e-05,0.0001399178532100216,-4.571789618239379e-05,-1.046641576217429e-05,4.6900659806135206e-05,0.0011580352787603685,0.0001298499608114447,-3.0101434516497733e-06,0.00012988484625364589,0.001013538998388111
0.0026699302075297296,0.8711042982064326,-0.02532742590809711,-0.011077726723264405,0.00026101128062014714,0.0001209988940576612,0.00028769362345061855,-0.00011870059964321769,9.214506407115492e-05,0.00015026824411144458,-5.627483688693489e-05,5.809723031282373e-06,5.657393523833516e-05,0.001086484936484697,0.00012108879919307906,1.0031826257662083e-05,0.0001215036412132811,0.000954787354688636
0.002679925834619242,0.867541822899051,-0.024035169568565693,-0.011172439010290797,0.0002688733015385634,0.00011736522957465201,0.00029337254369377855,-0.00011614169042361991,9.126737987005816e-05,0.00014771129571837578,-7.191480603244427e-05,2.8229190587610056e-05,7.725688660511563e-05,0.0011021560013492692,0.00012467249451756737,1.9459178560643923e-05,0.00012618197382941785,0.000955875981102998
0.0026899210349086685,0.8674945102644297,-0.022580629344385848,-0.01137745669491779,0.0002631903270053806,0.00011314409898631436,0.0002864799039455021,-9.766910047506521e-05,8.792464362641956e-05,0.00013141535733863553,-8.180673459131788e-05,5.165718384367731e-05,9.675126080394923e-05,0.001136401273332675,0.00013233461238479672,5.300271566077456e-05,0.000142554331756181,0.0009661251873237142
0.002699986691880266,0.8693359792065443,-0.02102106675315346,-0.011701537120661135,0.00024294357219413563,8.755530351298761e-05,0.0002582392503933098,-8.518699832828127e-05,7.522316690951364e-05,0.0001136457193390017,-9.250693805996866e-05,5.482945137784213e-05,0.00010753512136797929,0.001127827261625166,0.00013306388197292888,6.237253451581203e-05,0.00014695689758439958,0.0010533134813679105
0.002709917997818696,0.8716031762672347,-0.019453874569649154,-0.012162321992249332,0.00022236257585801214,8.222017407762803e-05,0.0002370765112101274,-7.426722075726862e-05,6.238378442389429e-05,9.699152869223059e-05,-9.242312440252235e-05,6.567758739166648e-05,0.0001133824475389119,0.0011709952300882564,0.000136413161446107,5.743373436398783e-05,0.00014801075791547982,0.0010954416371876754
0.0027199801589531977,0.8730546876108973,-0.017854635834688607,-0.012713709936223614,0.00020958369725583136,5.236074871744899e-05,0.0002160254016584064,-6.486836008178128e-05,2.187043921148026e-05,6.845597308491559e-05,-8.304992900965471e-05,8.731351893502566e-05,0.00012050286841949354,0.0011987610754495806,0.00013476770755901183,7.678786586825174e-05,0.00015510870815435205,0.0011147656795080503
0.0027299574274404588,0.8719508443102285,-0.016259910466127292,-0.01331081538270154,0.0001979751505192793,2.6917020419368412e-05,0.00019979661211188743,-5.270022279077772e-05,-1.4225139330048611e-05,5.4586335938189724e-05,-8.46093602008773e-05,0.00010122360678946935,0.00013192786818966987,0.001273011038094299,0.0001367488134019874,8.327270184672582e-05,0.00016010802865473443,0.0011559261883403366
0.00273998197206768,0.8669926928836194,-0.014645232856323673,-0.01388481109712052,0.00018434686020674714,1.3014056461471628e-05,0.00018480565611925503,-5.425139930348129e-05,-7.439035178170256e-05,9.207137863957088e-05,-8.912367458447414e-05,0.00010429597743059052,0.00013718848450085556,0.0012987323448494484,0.0001322559240545242,6.186436674511593e-05,0.00014600968913154456,0.0011733277390223351
0.002749927030553463,0.8574750831034422,-0.013011069424540682,-0.014300801086302203,0.000174708401282368,-1.3994412878162423e-05,0.00017526799214473077,-5.468850063818217e-05,-0.00011937175751858018,0.0001313028887539309,-8.163582061914513e-05,9.590731016852128e-05,0.00012594689099744457,0.0012201494534524074,0.00013699627448121587,3.149436471649534e-05,0.00014056981977162903,0.001069263826622991
0.0027599892595476377,0.8425106591318287,-0.01131940074278137,-0.014523322066148212,0.00016758646373891007,-6.120955112632344e-05,0.00017841477511013214,-6.016351755638817e-05,-0.0001459084241211907,0.0001578255906825224,-8.643789110570066e-05,9.828279316666525e-05,0.00013088550894366598,0.0011503400627937183,0.00013478337013021017,1.4082392592648354e-05,0.00013551704927716922,0.0009388845165290908
0.002769931172893359,0.8217258124682787,-0.009616155558717988,-0.014530750617699921,0.00016177251216117601,-6.77924469576114e-05,0.00017540285503787672,-5.5211124630195375e-05,-0.00016415871201111326,0.00017319454671576293,-9.541815548116904e-05,9.288430108393032e-05,0.0001331619982700724,0.0011286756830665066,0.00013420161622352823,-7.2677941399600095e-06,0.00013439826869669115,0.0008821622427623277
0.0027799815756795964,0.7944471655924129,-0.007863316106377466,-0.014249357006126166,0.00013606531113610505,-7.405762858926881e-05,0.00015491385104899808,-2.8722830240242997e-05,-0.00016629713011497864,0.00016875940406830062,-9.448075008271079e-05,8.382260990445746e-05,0.00012630456075449732,0.0011483184109749001,0.0001258726465362056,-2.1056084655728895e-05,0.000127621635497504,0.0008876502429146856
0.0027899435449372386,0.7618880978743819,-0.006101416724380594,-0.013664199595092583,0.0001103660145172292,-8.842207796488843e-05,0.0001414182485821616,6.520640249444917e-06,-0.0001593891228159185,0.00015952244738998532,-0.00010173338746753505,6.13523243456113e-05,0.00011880147233190634,0.0011241917002616296,0.0001309394235168936,-3.6407716506016565e-05,0.00013590678589429925,0.0008949236017840915
0.0027999291500746316,0.7245372064642416,-0.004329880091033185,-0.012826922170564472,8.626159323639861e-05,-9.492583680974319e-05,0.0001282652601514217,3.3940845932627865e-05,-0.00013870016885923512,0.0001427925693592027,-0.00010320408142463212,4.250256174429806e-05,0.0001116133960487269,0.0011538503617667738,0.00011722477643047226,-4.5814526231462586e-05,0.00012585952098664437,0.0009596482034487206
0.002809998311228338,0.6828982937435878,-0.0025555312746957655,-0.011844524290157418,5.474554643653158e-05,-0.0001024432723908139,0.00011615377270141908,4.5231309236106083e-05,-0.00010990588925594812,0.0001188493829531857,-9.443498592749446e-05,2.9279813401433853e-05,9.886998553630349e-05,0.0011817194246574775,0.00010124165518286913,-5.080322988355453e-05,0.0001132733018445576,0.0010284372963725104
0.002819983901517645,0.6385229080050617,-0.0008010678898442361,-0.010879810782922422,3.555999843474385e-05,-8.721102927963346e-05,9.418214860944758e-05,5.4523810165480174e-05,-9.411813008578976e-05,0.000108770714283795,-8.477574201814359e-05,2.7968712554910367e-05,8.927023757505094e-05,0.0012279276106956882,9.065853162247931e-05,-6.133620281142789e-05,0.00010945820723576965,0.0011242421423525981
0.0028299259032926296,0.5923047763420406,0.0009447832918854627,-0.009969074619269717,2.30162877402117e-05,-8.430730606970352e-05,8.739262759564382e-05,6.955235430450811e-05,-6.667716141199747e-05,9.635026644105035e-05,-7.049618398080372e-05,-1.9297593263034312e-05,7.308973294246486e-05,0.0012842818909946925,7.825804590641342e-05,-7.513034524534375e-05,0.00010848451744730607,0.0011926744306969624
0.002839966537431897,0.5450193787823948,0.0026832707913023116,-0.009248667911657578,2.1623557936011756e-05,-7.799411292985858e-05,8.093614711318787e-05,8.304080437584018e-05,-5.237036977183329e-05,9.817551029368326e-05,-6.202995008441949e-05,-4.8213472470546506e-05,7.856369158296802e-05,0.0013399894259123802,7.388813094084262e-05,-7.562250706513387e-05,0.00010572709902738903,0.001215037867679744
0.002849980464035849,0.4985287615519025,0.004376055700667588,-0.008799566290867544,1.82876583613629e-05,-6.83811310970343e-05,7.07843029099794e-05,7.361396652828985e-05,-5.2567400511053935e-05,9.045633015172421e-05,-4.714050963740557e-05,-3.8904601388874625e-05,6.112115556909533e-05,0.001373028283778189,5.0055152986282674e-05,-6.358078899265666e-05,8.091992998890257e-05,0.0013162000932262683
0.002859972413267654,0.45286597982842536,0.006034874934090477,-0.008595763059787523,1.4470540787062634e-05,-2.877673495212371e-05,3.221020063853719e-05,5.147072788231266e-05,-4.738136225441245e-05,6.995876869856228e-05,-2.828071289701408e-05,-2.8634901051351805e-05,4.0246195847359876e-05,0.001363429856468938,3.7018469776880133e-05,-6.790526402470427e-05,7.734010594049238e-05,0.0013158304186147098
0.0028699750694906262,0.4073219916401105,0.0076680119444371775,-0.008648840934403827,7.719369720594633e-06,2.0904259345820706e-06,7.997408922345197e-06,3.03904103246197e-05,-4.0995667749073696e-05,5.10315766353656e-05,-1.2844251663998256e-05,-1.137925457542822e-05,1.7159901966518516e-05,0.0013620048581074033,2.9234051744220686e-05,-5.075594691612123e-05,5.857299658320282e-05,0.0013209069578808785
0.0028799306231424926,0.3617626418028502,0.0092534281057391,-0.008995153761191945,5.011153554612246e-06,2.5942580049446785e-05,2.6422133138144944e-05,1.8316668807735748e-05,-3.772028627138798e-05,4.1932330636487886e-05,5.648190350490227e-06,1.6216256351772934e-05,1.717175076402482e-05,0.0014115033275787958,1.2957619715841621e-05,-4.7525656450932177e-05,4.9260409354697796e-05,0.001404732953139864
0.0028899371846635375,0.31566051005557044,0.010825153635607971,-0.009598987810102945,6.840396456820642e-07,4.919188865053947e-05,4.9196644390079485e-05,4.63867254201682e-06,-4.807059307858701e-05,4.8293883690164724e-05,7.201443471764139e-06,4.1370516670499995e-05,4.1992623610119104e-05,0.0014040939003300821,3.371940151352763e-06,-3.6514017111521696e-05,3.666937995119094e-05,0.001427648530228014
0.0028999362412962023,0.26917078018530105,0.0123927962204833,-0.010363075454087737,-8.491712753111533e-06,6.47136787971479e-05,6.526844114073652e-05,-1.798726786479861e-06,-5.081685142378077e-05,5.0848675564649766e-05,1.2509602318061068e-05,4.479406058023207e-05,4.650804245957402e-05,0.0014504340258140245,6.088778338456576e-06,-3.8918781812159366e-05,3.939219211210928e-05,0.0014124446816000812
0.0029099914865070857,0.2221467802083054,0.013979397458406222,-0.011230245994748474,-2.3638102740963177e-05,8.257099695738303e-05,8.588788878374231e-05,1.9132548081334487e-06,-1.7927757088030864e-05,1.8029559566675127e-05,1.7161199027535914e-05,3.525248066696047e-05,3.9207705176879725e-05,0.0014975238542402482,1.5161109985509235e-05,-5.199280607331388e-05,5.415820472809205e-05,0.0014519775377315508
0.0029199124163380085,0.177074647054478,0.015571666743323756,-0.012084287480636299,-4.698979970625553e-05,9.513430455160368e-05,0.00010610644268352084,1.7224539882886806e-05,-1.0657301806621901e-05,2.0254946456966622e-05,1.0099049547530881e-05,2.1255337000997646e-05,2.353253392198688e-05,0.0015445424780810295,9.136645675950997e-06,-9.022258286466276e-05,9.068402700023203e-05,0.0014967178685279321
0.002929978411528775,0.13466752794792966,0.017214721921151394,-0.012838699281714102,-7.465602541005577e-05,0.0001156595427494898,0.00013766136698089247,4.715765167802354e-05,7.944794049224435e-07,4.716434362217545e-05,1.0025239181549646e-05,5.60395727419974e-06,1.148519733301672e-05,0.0013707816293882986,1.120080692650303e-05,-0.000131312182196928,0.00013178902560199773,0.0013178999243698875
0.0029399364732871085,0.0973238241411893,0.01885329618999071,-0.013379128497078802,-0.00011571482284122424,0.00010993651183862312,0.0001596118944828976,8.315948531752854e-05,1.4842882394033873e-05,8.447373056778874e-05,3.5154810530471647e-06,-1.0721303252622953e-05,1.1282949546507647e-05,0.001340223686979713,-5.345324592863817e-06,-0.00014685180326847334,0.0001469490544991885,0.0012536798789445883
0.002949914339342507,0.06531705606686738,0.02048571627911191,-0.01367187179181424,-0.00013761445646980845,9.682099236599371e-05,0.00016826182927870664,0.00010352629744313181,-9.407487373164057e-06,0.00010395285027819122,2.0875058349126748e-05,-3.007775546904969e-05,3.6612012169988624e-05,0.0012113719119373032,-2.882291287195036e-05,-0.0001553079256301168,0.00015795984321957885,0.0012331073612868557
0.0029599423294730132,0.038559183096402695,0.022109421521331496,-0.013679472617868862,-0.000151677956956722,7.154868258287676e-05,0.00016770634038673214,0.00010020664070795613,-4.317938186947283e-05,0.00010911383899672474,3.180212071298335e-05,-4.349148666517836e-05,5.387842141516909e-05,0.0010860290815660335,-3.70482065359834e-05,-0.00013757636816702216,0.00014247746027200553,0.0011610752047268515
0.0029699733014386183,0.016411198224898022,0.023724270953946504,-0.013386816049646807,-0.00016833387534112652,3.878387601499054e-05,0.00017274397999961702,0.00010480348245421427,-7.779819947095507e-05,0.00013052329208020042,4.065498317653525e-05,-6.008564474017656e-05,7.254731119019554e-05,0.0010763300197109342,-4.1576445265250245e-05,-0.0001201184974888274,0.0001271104017768325,0.0011255297929936244
0.0029799317744709313,-0.002035159821946201,0.025322312356304593,-0.012848155670063708,-0.00017653488414327368,1.341410047036356e-05,0.0001770437895293367,9.94591400088128e-05,-0.00010493011846561399,0.00014457679721345472,5.225291396012642e-05,-4.77660149578546e-05,7.079519194322708e-05,0.0011718893999628694,-5.060436272241268e-05,-0.00010819480243142616,0.00011944419952311142,0.0010143141593563858
0.002989931702368663,-0.0185107485098626,0.0269366263099281,-0.012088180969482398,-0.0001544526923936869,-1.0947812809145433e-05,0.00015484020405877457,9.165094577509364e-05,-0.00012506338335439564,0.00015505078431764761,8.026004203662053e-05,-2.9931969190144788e-05,8.565977543351296e-05,0.0012144028029943258,-6.529480633214967e-05,-9.10942626833681e-05,0.00011207843872832723,0.0010391582467248173
0.0029999586887304325,-0.03476039517665927,0.02858510351862279,-0.011185155345441369,-0.00012210412285571176,-4.773277991517702e-05,0.00013110238402406525,7.466950862465658e-05,-0.00013599990806505754,0.00015514996136625935,8.821275281958354e-05,-3.6979050277209526e-05,9.56500910580504e-05,0.0010939056970024267,-8.323042111456439e-05,-6.0529876955665355e-05,0.00010291340536186583,0.0009656611944800233
0.0030099220723408715,-0.05209778484239778,0.03022588898275945,-0.010327209199445419,-0.0001007534673854206,-7.08970126994447e-05,0.00012319759575531592,5.292727943079223e-05,-0.00013946371647848447,0.00014916911584485665,0.00010167768199983347,-2.5739105963453586e-05,0.00010488494931427078,0.000893145283525494,-8.937465667115073e-05,-2.2741884316554874e-05,9.22226791920167e-05,0.000802527559039591
0.0030199777646953765,-0.07205355744236588,0.03185251508898131,-0.009608927766936838,-9.679410966194476e-05,-7.382770905398859e-05,0.00012173590386327683,4.192229829294179e-05,-0.00014189674332829098,0.00014796001102100958,9.849981102644372e-05,-1.1278242667306898e-05,9.91433887352444e-05,0.0008549557981491645,-9.008775160795207e-05,-9.95290301644602e-06,9.063588289541207e-05,0.0006677068319524194
0.003029972238821202,-0.09511355210440174,0.03341213418205092,-0.009051926962599299,-0.00010859423839637517,-8.439962822207102e-05,0.00013753547126800624,4.387031601381375e-05,-0.0001345860818215266,0.00014155570651592443,0.00011031624944978455,-8.475210909619281e-07,0.00011031950500553706,0.0007972917219703835,-9.031363361387315e-05,1.5049642461901456e-05,9.155896545271789e-05,0.000642156256235087
0.003039965562187682,-0.12269008477912602,0.03488382398772704,-0.008606768150996919,-9.583366059703674e-05,-7.529204930540151e-05,0.00012187281564005586,3.9410820319014245e-05,-0.00016540945621154965,0.0001700397040764838,0.00012253954556126905,3.351508593792151e-05,0.0001270401559027247,0.000670430377392972,-8.847977832070613e-05,5.2154145565362196e-05,0.00010270699134593656,0.0006675309778025758
0.0030499652233629258,-0.15662747596170057,0.03626881287847462,-0.008275471211529639,-8.439258197560614e-05,-5.721381600599576e-05,0.00010195846524186866,3.588188841350528e-05,-0.0001605396427511519,0.00016450071978805055,0.00012823498486219388,6.142172055566523e-05,0.0001421859314370635,0.000554157918699403,-9.397806091968239e-05,8.145118770901022e-05,0.0001243630649084846,0.0005898521737667697
0.00305993983183672,-0.19758601556064959,0.037570855383285695,-0.008047517452714875,-9.712103858478894e-05,-6.182336827296626e-05,0.0001151287322973847,5.768200136706519e-05,-0.00011395653319603603,0.0001277235481020214,0.00012989218107826116,9.213348915391385e-05,0.00015924998753199997,0.0006101487419432846,-9.289549064055574e-05,8.015301054036996e-05,0.00012269505809132754,0.0006431086690384682
0.003069944723646831,-0.24585343647450944,0.03881040332710702,-0.007869722870028633,-0.00010426502764109783,-5.011073903620084e-05,0.00011568181428276926,6.08207988690994e-05,-8.073416607933071e-05,0.0001010800432706694,0.00012753377693660537,0.00010958922008043736,0.00016815071042833673,0.0007063088149127498,-9.241305372881999e-05,8.28788967773684e-05,0.00012413333166607371,0.0006736914965132855
0.0030799673093918466,-0.301126469320158,0.039996101361764576,-0.007654536723965298,-0.00011465333013529252,-2.2308009238552046e-05,0.0001168033963003632,5.913082775201766e-05,-5.18395406207736e-05,7.863709533300183e-05,0.0001270073581505863,0.00011278666040169642,0.00016985788115056333,0.0007378688107648385,-9.426956086491938e-05,9.542844742843646e-05,0.00013413925109477317,0.0007340084006877659
0.003089951570591246,-0.3628045892045709,0.041117917163920686,-0.007342532632856393,-0.000123843879428064,-2.2796643767004003e-05,0.0001259245545508601,7.413839336239004e-05,-1.704477073872502e-05,7.607250212719558e-05,0.00012620150772162895,0.000114807099405464,0.00017060917509063942,0.0007471058592116932,-0.00010056137312744648,9.439456214601637e-05,0.00013792361338079735,0.0007323049799641437
0.003099996618402475,-0.43107815352400225,0.04219250371767803,-0.007002689381501806,-0.00010471595537638566,-1.0049850292995845e-05,0.00010519710452907352,7.798592756846868e-05,1.6298267381416167e-05,7.967081283852059e-05,0.00013923449973388032,0.00011192747980448874,0.0001786449177881312,0.0007676406449005821,-0.00010358299267557806,0.00010319055453146397,0.0001462112407311418,0.0007562058284971951
0.0031099435813257727,-0.5039063698796863,0.043216412833550356,-0.006719195701048949,-9.727911823736654e-05,1.8913177582077908e-05,9.910063133648924e-05,8.220039828812096e-05,4.401703753378589e-05,9.324379374508759e-05,0.00013326492361478517,0.00011613157999022424,0.00017676561808530633,0.0007547259944307157,-0.00010429034226255665,0.00010079862702648793,0.0001450408173572744,0.0007524725812291535
0.00311994486892057,-0.5811653096322126,0.044184958411261854,-0.006533370189842061,-9.73205115942506e-05,2.438166936856822e-05,0.000100328200313595,8.439600246695463e-05,6.776481416747749e-05,0.00010823472304004371,0.00012232837833618855,9.642309983205451e-05,0.000155761504639574,0.0007614178941592821,-9.957433388335935e-05,9.71637431875134e-05,0.00013912527074016348,0.0008017216837505376
0.003129939561414013,-0.6613187736534816,0.045055699923330694,-0.006497212120912481,-0.00011211744658901112,1.9276263459780203e-05,0.00011376245497795227,8.269959655886816e-05,8.890436273626739e-05,0.0001214216166279356,0.0001057759112659549,8.37273784347571e-05,0.0001349029921969865,0.0008755835191195985,-8.832665114335327e-05,8.655235492832006e-05,0.00012366449549421014,0.0008637309976356838
0.003139914600232997,-0.7433660694973586,0.04578904215337772,-0.006642043026909561,-0.0001123604705550031,2.4168935421764627e-05,0.00011493046934021956,8.047746898655426e-05,8.887458550937838e-05,0.00011989710156607461,0.00010428364443115558,8.572303216820132e-05,0.00013499450633249548,0.0008572004799004078,-7.822777495079675e-05,7.18392042924253e-05,0.00010620949132314551,0.0008695824393575645
0.0031499577257448827,-0.8277471653719402,0.04632850823159267,-0.0069399958923711865,-0.00011642738642974205,2.652024768597537e-05,0.00011940963046666699,7.817163336428304e-05,9.18552294951289e-05,0.00012061586731621461,9.005858369093151e-05,6.679933141548443e-05,0.00011212804811452057,0.000866467194546383,-6.540828264707208e-05,5.561286881083468e-05,8.585472972533534e-05,0.0008478093748239533
0.003159963763595011,-0.9131276393122553,0.04664516121991938,-0.007347277079204364,-0.00012073521863620752,3.562237577400154e-05,0.00012588068428046062,8.048508678045168e-05,0.00010620761118972494,0.00013325879283816367,7.773143965312164e-05,6.17527997190178e-05,9.927529896043636e-05,0.0008917948241978098,-5.175998403070444e-05,4.651130499498127e-05,6.958733677325888e-05,0.0008441383423418718
0.0031699744740670078,-0.9989555878369444,0.04676888045217939,-0.007825503184019273,-0.00013634810346235728,3.741395894200445e-05,0.00014138815240852284,9.634497292762773e-05,0.00011870765429160744,0.00015288512352691844,7.718573640363204e-05,5.279824539996632e-05,9.351626928768081e-05,0.0008245106034485378,-4.973032429465007e-05,4.329016820445943e-05,6.593287357321425e-05,0.0008470270093534848
0.0031799145826637574,-1.084263641074295,0.04677317524519968,-0.00831512236735252,-0.0001438029576566434,5.809236110184521e-05,0.00015509356224287826,0.00010723939565191777,0.00011662777595277991,0.00015843713612496404,7.131702765798415e-05,3.159946236351978e-05,7.800413101646078e-05,0.000840490603971959,-5.295966613664317e-05,5.431771167734281e-05,7.586263928421983e-05,0.0007991359575974387
0.0031899890966117523,-1.1706524646642233,0.04669288248852395,-0.008789944911781537,-0.00013789245653559636,7.114911333765067e-05,0.00015516612355200214,0.00010133240068229028,0.00014998950297157525,0.0001810113433729953,8.691626942881198e-05,3.2096006318608084e-05,9.265307071557837e-05,0.0007104875640222817,-6.019902023256252e-05,3.7068472107761364e-05,7.069648973863096e-05,0.0006734424718457459
0.0031999109287082564,-1.2545559257869818,0.04652936502467058,-0.009268621643148747,-0.00013054192101650446,9.2989354518103e-05,0.00016027542917232426,0.00010826184166110812,0.00017295602883014263,0.0002040451280196319,0.0001192253652321488,3.371395334747758e-05,0.00012390043730776406,0.0006832468102239901,-7.874196015693474e-05,3.632428745027233e-05,8.671649294180611e-05,0.0006651898497258006
0.003209961215371861,-1.337494021194026,0.04629296402366927,-0.009804857168832963,-0.00011821194667073313,0.00010615807434639374,0.00015888234982092478,0.00010021760965692314,0.00017245260294685994,0.00019945793929672175,0.00013501605205330872,2.3142082623077447e-05,0.00013698500027446475,0.0007204666228185345,-9.378454363256581e-05,4.603121142127532e-05,0.00010447206827319343,0.0007530070037451877
0.003219913694989662,-1.416851156678131,0.04600837469568645,-0.01046635264646425,-0.00010741539211786598,0.00013599787943534424,0.00017330173015508337,9.200080701288801e-05,0.00018990391890074553,0.00021101575037158626,0.00017020680872975867,8.666400713114757e-06,0.00017042729898490128,0.0006403344580619371,-9.503061740695253e-05,4.290263835020899e-05,0.00010426626790173039,0.0007402776725287806
0.0032299520060444955,-1.4932605055349137,0.0456878096164429,-0.011297917159715034,-0.00011657764393424629,0.0001395913097284492,0.00018186830624648085,7.90766010599687e-05,0.00018000483059344712,0.00019660836165375325,0.00018101042355007322,1.4763726261343103e-05,0.00018161151132815555,0.0006273565681279808,-0.00010691869820651049,4.742593312212814e-05,0.00011696506811300305,0.000730608522967744
0.0032399747253086747,-1.565757791814631,0.04533158433403842,-0.012238990940628367,-0.00011741657078282114,0.00012594445035788465,0.00017218784994983507,6.808236649542007e-05,0.00016293726514805167,0.00017658924373116044,0.00017502244730257475,1.1033596638670794e-05,0.0001753698871373516,0.0006129787996683764,-0.00012435503824590374,3.1777249180560894e-05,0.00012835096066108597,0.0008101567977424119
0.003249912405336842,-1.634095542349598,0.04490568021700878,-0.013194335164173598,-0.0001249422157546475,0.00012238115963244894,0.00017489341185608975,6.653194963608406e-05,0.0001477523165988674,0.0001620408818252677,0.00017359780329126995,6.936494992835791e-06,0.00017373632973658704,0.000517845946273088,-0.00011288900190607788,7.4854955437036694e-06,0.0001131369055387554,0.0007960709140690503
0.0032599562104979477,-1.6991803412707895,0.04441753528592943,-0.014116373535488072,-0.00012134420326255675,0.00011368155317842326,0.00016627661049733772,6.382542765324441e-05,0.00013682999056158907,0.00015098387838509146,0.0001700810347455751,1.4837981779642603e-06,0.00017008750699906933,0.00043750061417562047,-8.769697812749296e-05,-2.4310868150083224e-05,9.100427617922528e-05,0.0006546981980846303
0.0032699760401257586,-1.7596064955834403,0.0439139003551132,-0.014893202805718634,-0.00012598222429268356,9.807301115978358e-05,0.00015965536745026477,5.9851596580473045e-05,0.00011017783911296145,0.00012538488682785223,0.00015594367479436998,-1.4650807797365183e-05,0.0001566303798038157,0.0004034663409391141,-6.042593417063489e-05,-5.493880824807141e-05,8.166741193470172e-05,0.0005430585765450724
0.003279933369739025,-1.8149052912498584,0.043446021438160266,-0.015444983471942484,-0.00012852599326738283,8.8718472485019e-05,0.00015617265543443388,6.073546586101916e-05,0.00010211699633210782,0.00011881362612615922,0.0001430329322014511,-3.315290901264149e-05,0.00014682484486675063,0.0003370268878529238,-4.052991934591354e-05,-7.657678876975743e-05,8.664109267821074e-05,0.0005418264721609761
0.0032899357981529846,-1.8651301308110781,0.04295315962608722,-0.015784267700215293,-0.00012413146983839864,7.234158486103709e-05,0.00014367298529802984,6.969757672903006e-05,9.013088812903554e-05,0.0001139356362023215,0.0001355600517336621,-5.233405774531322e-05,0.00014531132518191044,0.0004248737388282634,-3.708959830191575e-05,-9.723192800258471e-05,0.0001040657778777312,0.000576084225699386
0.0032999780149059513,-1.9096236165536358,0.042409323653204746,-0.015929953148850946,-0.00012648028771302007,6.275650768532539e-05,0.00014119363454783164,7.319154747562322e-05,6.0734227844244555e-05,9.510861713700298e-05,0.00010209062240781561,-6.107208412495197e-05,0.00011896341724656532,0.0006429735343297829,-2.8240749398895e-05,-0.00010649700420626761,0.00011017781914487584,0.0006690558924864766
0.0033099648376778332,-1.9475286984977314,0.04180590316505088,-0.0158867860666999,-0.00012738035782140214,6.386727917424784e-05,0.00014249485923299043,7.999933770346229e-05,7.387326405144796e-05,0.00010889055594773843,9.221992546821165e-05,-8.730433768562862e-05,0.00012699040133840349,0.0008500305904016125,-2.157889722570287e-05,-0.00013012783318398443,0.00013190489670454364,0.0007747614517250264
0.003319982639241931,-1.9778638545353082,0.041136665123036924,-0.015700206844966414,-0.00011385932169680115,8.681081087729262e-05,0.0001431784272243159,6.606918222016017e-05,7.956127158213485e-05,0.00010341727503181926,9.362897252243688e-05,-9.63121818889183e-05,0.00013432207888434172,0.000854376644173056,-2.815642078136902e-05,-0.00013336362604280313,0.0001363034877855374,0.0008492721764278822
0.0033299546666600175,-1.9991604352733996,0.04033566235487511,-0.015415949688406342,-0.00010350303500597687,8.217905000100574e-05,0.00013216003372622253,3.639953524190668e-05,8.234220523474456e-05,9.002868947589763e-05,0.00011276597903754164,-0.00010751702603583688,0.0001558078204580441,0.0008860151082165208,-4.399671484423227e-05,-0.00013375866602505424,0.00014080870588811863,0.0009800316706414648
0.003339942535206861,-2.0108774403549834,0.03926164745046308,-0.015067381200906093,-0.0001014322633181076,7.887635349167062e-05,0.0001284911793936724,2.1232802704215098e-05,0.00010404666523751956,0.00010619105639235624,0.0001181045815134484,-9.881899849239169e-05,0.00015399313828059382,0.0008642439674088486,-6.053857031700962e-05,-0.00013381540992024306,0.00014687233377375808,0.0010956878808006678
0.0033499322210104668,-2.0126159596779365,0.038050505452424506,-0.014707650381357138,-8.06144283569607e-05,9.579347988720693e-05,0.0001252001471573427,-2.854019993993491e-06,0.00011148664651890734,0.00011152317150331544,0.00010854554168724569,-0.0001072510854967816,0.0001525940036843373,0.0008850514203694146,-6.950606842535354e-05,-0.00014301755665876244,0.00015901293991556868,0.0010950730192676567
0.003359951789036946,-2.0043356274432025,0.03687536102542669,-0.014358441741778133,-5.2444900239241674e-05,9.964189439361889e-05,0.00011260095327950431,-2.3472233447044757e-05,0.00012075476743281272,0.0001230148755262763,9.165966726840437e-05,-0.00010153206854716845,0.0001367854361663606,0.0009375732987605052,-6.16697160676985e-05,-0.00015828044804385647,0.00016987010953323865,0.0011208746728273845
0.00336997548022929,-1.9864616165879565,0.0357541558564258,-0.013999794984099213,-4.846223713512749e-06,9.826246229634419e-05,9.83818955947784e-05,-3.9092213101561257e-05,0.00013999705672098305,0.0001453525954901254,7.976711145763991e-05,-8.529373093082894e-05,0.00011678104557845075,0.0010556821791532019,-5.032107285181664e-05,-0.0001409525593163891,0.00014966574207479153,0.0012050851011021495
0.0033799476808980154,-1.9595539281125782,0.03461159236783126,-0.013669973693197345,3.094400812583657e-05,9.585052657817482e-05,0.0001007216713731719,-6.135919630868934e-05,0.0001499813139169039,0.00016204735572013864,5.9382297013426306e-05,-7.749555000505978e-05,9.763102718489394e-05,0.0011829259004976131,-3.952248751557484e-05,-0.00011634878407127586,0.00012287825916037037,0.0013454887405681174
0.003389955635225697,-1.923598448940056,0.033346013891477566,-0.01342097638391931,5.7878753772286264e-05,0.00010357337922239823,0.00011864819856103864,-7.033686132803824e-05,0.00016535618988271767,0.00017969402770823815,3.3062741600443e-05,-7.73449148660635e-05,8.411528242701368e-05,0.0013015239708327009,-9.59009877046918e-06,-9.194463844591732e-05,9.244342341874738e-05,0.001473026840427476
0.003399962869026109,-1.8785789806809254,0.03188987302773632,-0.013261948955785693,6.561514476573953e-05,0.00011603235017310006,0.00013329986312566819,-6.540169318994607e-05,0.0001500274604026608,0.00016366313068918054,1.8340472496927716e-05,-6.505833432856966e-05,6.75940810797699e-05,0.0013009537352208262,1.7886301479244175e-05,-9.374122699076522e-05,9.543237091438409e-05,0.0013967639301046045
0.003409959199319165,-1.8249685610086737,0.03020194651216937,-0.013187557069141497,7.39046467333076e-05,8.723271319828317e-05,0.00011433041179278993,-6.945609001947871e-05,0.00013078654375863285,0.00014808534184423088,1.1847339589066142e-05,-6.637693659321645e-05,6.742593838307726e-05,0.0014260994635403187,3.893941264604267e-05,-6.507814591017679e-05,7.583826825768801e-05,0.0013750815615377597
0.0034199678444148994,-1.7639578084486778,0.028349619562950807,-0.013276722849517336,8.909579036084012e-05,7.07573277593939e-05,0.00011377459862233338,-7.153226937813614e-05,0.00011717044871765299,0.0001372799315817224,1.006686180201379e-05,-5.198568207933556e-05,5.2951419695741826e-05,0.0014265861077234735,3.503262338106633e-05,-5.224496690644817e-05,6.29032691361546e-05,0.001429862092748937
0.0034299595271051883,-1.6968988799349867,0.02640448406227394,-0.013558621437016258,9.894035829685101e-05,7.301728212704603e-05,0.0001229663286803745,-6.843258525899383e-05,0.00010007641426989056,0.00012123657623979743,-2.2040434222561633e-06,-1.8554096415128386e-05,1.8684547122932113e-05,0.0014073849895986277,3.19483767552813e-05,-6.175793118353571e-05,6.95323007052674e-05,0.0014866087717606033
0.0034399164707625703,-1.624693209490923,0.02445627216920585,-0.013997628951456393,9.908211213123866e-05,7.32998628257581e-05,0.00012324826503712865,-6.345401470446866e-05,7.803066659590472e-05,0.00010057433525266854,-1.3162736440810081e-05,-2.3872786525812586e-05,2.7261099888251915e-05,0.0014108647858056453,2.9769255015723676e-05,-6.217476565761412e-05,6.893409917283624e-05,0.0014919237029739833
0.0034499658485045172,-1.5466111598784018,0.02252298060767039,-0.014578716458870284,9.543835890322072e-05,6.79724465390951e-05,0.00011716967968996974,-6.010064449380511e-05,4.780971220640999e-05,7.679750028373641e-05,-1.4725615317676596e-05,-3.8961620027588166e-05,4.165154957091454e-05,0.0014224640038258177,3.075048270215208e-05,-9.349624387453295e-05,9.842326861602137e-05,0.0014522212841855064
0.003459987931280735,-1.4639395791165815,0.020616765993726874,-0.015270046615809841,8.324827652333609e-05,5.642380127934466e-05,0.00010056799140341229,-5.923459319017669e-05,2.667670109758961e-05,6.496447807729902e-05,-2.2663230330804973e-05,-5.9859553827281525e-05,6.40061574649528e-05,0.001427963966943269,3.396617678731635e-05,-0.00012141648116677616,0.00012607800388834422,0.0013651570151393994
0.003469992485711434,-1.3766711393843252,0.018706545014404902,-0.016058532063502568,8.113193799049942e-05,3.50066209409966e-05,8.836206692807081e-05,-7.052323855274685e-05,-5.532967883810575e-06,7.073995271111593e-05,-2.9552341773218804e-05,-8.157608382638864e-05,8.676403838417804e-05,0.0014054684908135309,3.602210108343181e-05,-0.00015293265703727015,0.00015711775633245364,0.0013512577525328202
0.003479987355730773,-1.284525484025591,0.01679730080848563,-0.016901970693460774,8.496412945794944e-05,9.054313387282452e-06,8.544520984503645e-05,-7.28907858335401e-05,-3.247860437276419e-05,7.979928822635919e-05,-3.878949376122145e-05,-0.00010264484437471193,0.00010972961725514525,0.001402791647878336,4.2914879507323364e-05,-0.00016810311494681147,0.00017349450751522077,0.0013766004869519414
0.003489935570127207,-1.1876642931423416,0.014903603280908855,-0.017758727609226612,8.738430590657896e-05,-1.2975915181509084e-05,8.834246596950013e-05,-7.524884611661772e-05,-4.8995979810176e-05,8.979418065465928e-05,-4.661746937883969e-05,-0.00012309465386643043,0.00013162629775916124,0.0014461005262185436,5.1040545038028944e-05,-0.00019474831264822923,0.00020132571250863984,0.0014139148634105514
0.0034999158792296606,-1.0847124575155906,0.013016321553397131,-0.01862805910550012,8.286543355266827e-05,-2.5699174547219413e-05,8.675902057008326e-05,-7.681458823190343e-05,-6.441574786738831e-05,0.00010024903759414261,-5.510140129072379e-05,-0.00013093317021942294,0.00014205512834075988,0.0013703060669931102,5.398627769375904e-05,-0.00021020909439111777,0.00021703083086041375,0.001362942106110185
0.0035099864894568645,-0.9748234617296289,0.011131179038751752,-0.01952545439472466,8.66700764435833e-05,-1.9526208328884236e-05,8.884241645992956e-05,-8.758122359870009e-05,-7.396279780360742e-05,0.00011463405334359776,-5.818860614000508e-05,-0.0001254521430053967,0.00013829010835617687,0.001383120060881963,5.231676306283647e-05,-0.00020744478331582143,0.0002139401360715681,0.0013424133939324164
0.003519966570310626,-0.8601432639746381,0.00928886368222889,-0.020403745402564847,9.260713543217261e-05,8.335612247068091e-07,9.261088681827907e-05,-9.48985933605889e-05,-7.811024918353831e-05,0.00012291034964287124,-5.6203984811011023e-05,-0.0001001966337727946,0.00011488365126525131,0.0013899606350216728,5.975193521514007e-05,-0.0001943206345812951,0.00020329978550414536,0.0013321266084221242
0.0035299641631469847,-0.7399951298733813,0.0074778866903614525,-0.02120488239533101,0.00010166787451974281,6.852314376073806e-06,0.00010189853248045684,-9.351348989806822e-05,-7.159410348135161e-05,0.00011777303785762933,-4.832096175029175e-05,-7.491787095615423e-05,8.914932828168777e-05,0.0013786217981571623,6.079619302236522e-05,-0.000162552567252654,0.0001735497456248245,0.0013277834028655408
0.0035399674194764043,-0.6154906840013847,0.00569091835083121,-0.02192509554649593,0.00012059320971316264,1.4864841412547732e-05,0.00012150590824788323,-9.638376795797219e-05,-5.454129691579361e-05,0.00011074558137927213,-4.086695593337603e-05,-3.892205836728347e-05,5.643611179738306e-05,0.0013855844027894511,4.704526013688583e-05,-0.00012345820090960081,0.00013211806792858658,0.001316690362400156
0.0035499949278334983,-0.48792104890407245,0.003913240500097377,-0.022625007141643585,0.0001316423421392197,3.3542306024638144e-05,0.00013584841750035166,-0.00011117297229302874,-4.3134585223538694e-05,0.00011924773461526747,-2.884324920550315e-05,6.040861956150643e-06,2.9469052205729762e-05,0.0013012466987711749,4.8686678451371575e-05,-7.60100278380337e-05,9.026581296684757e-05,0.0012393176837433785
0.0035599766551373557,-0.35941348486458824,0.002182927729669291,-0.02335631075670914,0.00015668849265742125,5.7136592970321665e-05,0.00016678091613704177,-0.00013419407939333113,-1.580185283204518e-05,0.0001351212399926424,-3.112706708242458e-05,2.5585352591613956e-05,4.029273597549522e-05,0.0012599786878359728,6.619767319041292e-05,-6.237526442157356e-05,9.095496439164788e-05,0.0011299860734257446
0.0035699609469584752,-0.22951658808378808,0.0005266567551231097,-0.02413686928548521,0.0001576826177577201,9.967954052399995e-05,0.00018654709523871718,-0.00012933392305201387,2.0222250637523747e-05,0.00013090532102581266,-3.493778837819437e-05,1.317510204039513e-05,3.733942113282312e-05,0.0012461536041491078,7.586638035073876e-05,-4.211858852790027e-05,8.677374699242583e-05,0.001118023452590673
0.0035799890543061,-0.0968805063782175,-0.000972686201210634,-0.024970439780969682,0.00016123949137662914,0.00011718941326750657,0.0001993277004366842,-0.00010666968747334322,5.9000573838209234e-05,0.00012189950754165784,-4.700516528125948e-05,6.577107418262569e-06,4.7463079389246183e-05,0.0011715309266907355,8.475737014056416e-05,-3.534870081001863e-05,9.183323168712298e-05,0.0010748400183305776
0.0035899804680342086,0.038119956535444637,-0.002138361519600508,-0.025853936624784836,0.00015811190946112864,0.00011824366816697899,0.00019743591612223643,-9.770592016199956e-05,6.324445387680945e-05,0.00011638860674859421,-6.785947005358052e-05,2.3690982754660206e-07,6.785988360010044e-05,0.001165471831143326,0.00010973908495747984,-5.0854596802019294e-05,0.00012094981100936425,0.001037854858337192
0.003599979583983733,0.17684655547136602,-0.002826070601340707,-0.026754166978530558,0.00015552218897494459,9.845988192445019e-05,0.00018406927938179973,-8.695442435606437e-05,6.0152663959423516e-05,0.00010573275224125138,-9.410980671084868e-05,-1.0797052084033175e-05,9.472714527979095e-05,0.0011700309721296418,0.00012214402069314994,-7.102125118460213e-05,0.0001412911175938353,0.0009926883521671833
0.0036099222546385817,0.3191574105107466,-0.0030121066591451535,-0.027665633070559636,0.00016126286176466062,9.480038883053568e-05,0.00018706369050927227,-8.827212610679116e-05,5.2226451198741846e-05,0.00010256495723310084,-0.00011081512342282495,-3.5090547748210206e-06,0.00011087066809859415,0.0011423360885500235,0.00014341881930586182,-8.839729041511414e-05,0.00016847266450027278,0.000999947287403246
0.003619949034292211,0.4667836937121745,-0.0028624822720863317,-0.028606664997701384,0.00017950478399902893,6.464181536264079e-05,0.00019078923389938903,-9.399915399097751e-05,2.18604475255939e-05,9.650761688612328e-05,-0.00012681101907089284,1.5048695652691117e-05,0.0001277008136177905,0.001102192791028561,0.00015981015652424084,-9.719739490142845e-05,0.00018704710557484333,0.0009637310093204786
0.0036299251144388633,0.6161294562376904,-0.002605707167729964,-0.029581757644178124,0.00017844134486673033,1.3856670305906437e-05,0.00017897854863031484,-8.040079101486342e-05,-4.012563194540717e-06,8.050085626380582e-05,-0.000151227446997614,2.2999058606296537e-06,0.00015124493476604073,0.0011638832972209767,0.00017068931625560576,-0.00010254754797018765,0.00019912519247574913,0.0009442832163072067
0.0036399497495798404,0.7660233567374171,-0.002426123139317597,-0.030597361160574363,0.00017103548584205923,-1.4575667421722376e-05,0.00017165543247452992,-8.158307210708688e-05,-3.501555659035606e-05,8.877999131427399e-05,-0.00015666717072044904,-9.545811664003923e-06,0.00015695771692361915,0.001143534085144208,0.00017057710156430142,-9.440810863244846e-05,0.0001949600947723256,0.0009211377745271189
0.0036499285714136675,0.91268902920497,-0.0023866779864703,-0.03160432800441698,0.00017297952839026923,-3.9426653660474345e-05,0.00017741583430174138,-8.671588315110803e-05,-6.062580393472832e-05,0.00010580705313639891,-0.00016832590804655666,-1.7276179743990044e-06,0.0001683347735423769,0.0010518989092036172,0.00016471946012195371,-7.670931643184497e-05,0.00018170531024246052,0.0009604148501183379
0.003659917996406141,1.0547369859589648,-0.0024440961480902313,-0.03264787449398709,0.0001788675379037299,-7.574343552689532e-05,0.00019424382652007038,-8.172168822388704e-05,-7.575260588816694e-05,0.00011143110707971156,-0.00016224294772561876,8.793235475539399e-06,0.000162481060671163,0.001101684856718917,0.00014916447050283832,-7.793030827440337e-05,0.00016829489655998385,0.0009934456235123662
0.0036699789923689843,1.1911948541089363,-0.00244858887027865,-0.033727189322353794,0.00018799200542306445,-6.954564165875831e-05,0.00020044348424609344,-7.532815993224794e-05,-0.00010295570043847045,0.0001275704038229651,-0.0001573177971441635,3.7352794773275815e-05,0.00016169143630899763,0.0011601048734404605,0.00014588602280029745,-6.45972922992714e-05,0.00015954792954120845,0.0010376070099571383
0.003679969699011824,1.3188133694272828,-0.002222002234626206,-0.0346856563496628,0.0001888507170422606,-7.215121380623825e-05,0.0002021642673201411,-7.402175551961959e-05,-0.00011585743858856957,0.0001374851496217337,-0.0001365115694641673,7.554613306083813e-05,0.00015602123835560349,0.0012038805018772096,0.00014365682187026386,-3.134453827920361e-05,0.00014703660275523637,0.0010383768567994345
0.003689957342833872,1.4372952145746896,-0.0016759771590638154,-0.03543719348529132,0.00019804281320679514,-6.695753720576077e-05,0.0002090556568273683,-7.095989910768088e-05,-0.00011481802150791018,0.0001349758694891912,-0.0001082850171350444,0.00011677954189090589,0.0001592579867390854,0.00128724825480158,0.00012520949524210632,-1.981017219200366e-05,0.00012676695397878692,0.0011170818246825378
0.0036999599561408046,1.5459864941594343,-0.0006846663746800895,-0.035930664330398765,0.00020608799343619982,-4.269173952804462e-05,0.0002104634069440328,-6.94048042831118e-05,-0.00011615446002876949,0.00013531033013836034,-9.39951167763108e-05,0.00012497361051433493,0.0001563761020833458,0.0013292429534736785,0.00012131394355259968,1.2640970186420787e-05,0.00012197076300301363,0.0010971756956179332
0.003709996021603432,1.6442896467861339,0.0006441826946248165,-0.03614638936769806,0.00019930610615230028,-2.892783875346446e-05,0.00020139449795001459,-4.798923354397194e-05,-0.0001163858424928909,0.0001258913454885517,-7.596574720863577e-05,0.00014507266132587527,0.00016375857783071536,0.0012835784850793986,0.00011513340074876532,5.886036057820516e-05,0.0001293067748239516,0.001132914331116995
0.003719996489604073,1.7308567975342934,0.0020498514366787323,-0.03604177398638561,0.0002068993463412174,-1.1965613403903538e-05,0.00020724506126939358,-4.299042074467924e-05,-0.00013759557475975066,0.00014415518883921827,-6.389748679440782e-05,0.00017488531642811508,0.0001861928106045007,0.0012235853136694625,0.00010908136401886573,8.138476363595728e-05,0.00013609637661707576,0.0011450798167741082
0.0037299894974872783,1.8051530522303265,0.0034306100782220445,-0.03557378138236415,0.0002293153595323066,-8.587911525027158e-06,0.00022947611279127233,-5.262953936196503e-05,-0.0001339730133040528,0.00014393969816287839,-5.9459074269673874e-05,0.00019094487908166284,0.00019998832056027031,0.0011729854533084143,0.00011000839868918339,0.00012022760095596111,0.0001629617249963443,0.001085773988893261
0.0037399476849436443,1.865889349130729,0.004818652096380916,-0.03481644108656239,0.0002448358826066194,-5.217089890545622e-06,0.0002448914605262673,-6.472125941729039e-05,-0.00012640474189726014,0.00014201056367282383,-5.672110816087502e-05,0.00018994521688349005,0.0001982333713780648,0.0011814488703077836,8.998308198499283e-05,0.0001515632023963733,0.00017626218926406753,0.001014938040414463
0.003749914987442235,1.9122022350567907,0.006177747534616853,-0.0339171767208553,0.00026077071053624097,-6.467443392596307e-06,0.0002608508985946041,-7.322804178667595e-05,-0.0001167813652632293,0.00013784133406440514,-5.483662959797307e-05,0.0002041806492930198,0.00021141616184999776,0.001138835178286298,8.192548578108093e-05,0.00017560839987659787,0.0001937784697217036,0.0009535787025884783
0.0037599850074020204,1.942890396956109,0.0073192083754877475,-0.03287500178389449,0.00026689255331270633,-1.1656505346788097e-06,0.0002668950987840443,-8.923951611840113e-05,-0.0001106637864251428,0.0001421624594011935,-7.050275766864225e-05,0.00022290707251873784,0.00023379093613259933,0.0010767843657745568,8.055283776952777e-05,0.0001832084841257291,0.000200135225106355,0.0009052170859399403
0.003769910128315143,1.9571728613785049,0.008122515549174824,-0.03167417448949464,0.0002775672020277572,1.2132044713386453e-05,0.00027783221222609406,-0.00010434711093798739,-0.00011619284213918037,0.0001561700871661572,-7.837846552063941e-05,0.0002012074762804153,0.00021593432420183677,0.0010554202087918103,7.579409768178521e-05,0.00018530134034500952,0.0002002032266899139,0.00094824453810134
0.0037799143296297828,1.9565150740577215,0.008660253273796353,-0.030319384920944815,0.00029601815933530786,1.2460844237121637e-05,0.00029628031202792656,-0.00011528952046434456,-0.00013291023068730712,0.000175945454474538,-7.59076613174712e-05,0.00017661261960260965,0.00019223420728263743,0.0011205135631480964,6.191863090082618e-05,0.00017040071403790025,0.00018130173798741977,0.0010345034179365703
0.003789986701866888,1.9416365925056636,0.009032955659118474,-0.028801922867655955,0.0003004461411510264,2.2863750099392455e-05,0.00030131484331368403,-0.00011600260144023315,-0.00016503342815061149,0.00020172415806750718,-8.593849433329488e-05,0.00014595541046088365,0.00016937652331736763,0.0011435376698288222,5.5643458019218976e-05,0.00014099299751899107,0.0001515757888639436,0.0011471074825705903
0.0037999840002473618,1.9139128068948614,0.009257488231645171,-0.02713266158418939,0.0003002888822383606,1.9364219294779553e-06,0.00030029512571111265,-0.00011893340230251844,-0.000176099412955012,0.0002124997821795414,-9.157969232624908e-05,0.00010447952576603988,0.00013893455779922804,0.0011695074930583422,7.260587744516064e-05,0.00012452685883369456,0.0001441476743155039,0.0011706047021533268
0.0038099119143367452,1.8752939353428655,0.009305152721267999,-0.02540952079155211,0.00030122074858437986,-2.6208002348684822e-05,0.00030235872529967256,-0.00013641606793154135,-0.00019045813594210798,0.00023427258724922423,-0.00010036772194232657,8.06084236537133e-05,0.00012872994046385909,0.0012223302951233253,8.040743165734915e-05,9.566281932113326e-05,0.000124966915886562,0.0012385098959244987
0.0038199544167427744,1.8264748012453496,0.009246413489391493,-0.023675486689102458,0.00030337438191489893,-3.216860693089175e-05,0.0003050751298846256,-0.00014631523332594336,-0.00019124407061911583,0.0002407954361074865,-0.00010137988024633282,5.904500566719286e-05,0.00011732089674478124,0.0012291720108002307,8.957668831267492e-05,5.9277338866587536e-05,0.00010741408656303121,0.0012791125823204525
0.003829973834453286,1.7694164972444817,0.009075897943292404,-0.0219160314469708,0.00029946210743856576,-3.833094886265871e-05,0.0003019053087182451,-0.00015588786017794532,-0.00019672860107842615,0.0002510043175587487,-0.00010018789863001688,3.619748060093455e-05,0.00010652639407092296,0.0012002797700800196,9.377120386385903e-05,4.575215287298773e-05,0.00010433742457330758,0.0013003597983653674
0.0038399489531887013,1.7055306690975092,0.008863464388785191,-0.02012715587294232,0.00028563080823971803,-5.0866789173234984e-05,0.0002901247815276539,-0.00014673132905220366,-0.00021255677755726524,0.00025828369404775595,-8.787403102036388e-05,3.291832137469514e-05,9.383741902831506e-05,0.0012202565969455085,9.774166161014332e-05,2.2025373783885686e-05,0.00010019256212230349,0.001325851457821802
0.0038499819668304947,1.6348217229749444,0.008751523925767609,-0.018265071518313608,0.0002661389926100111,-6.708668223096823e-05,0.0002744641803956036,-0.000125853431832571,-0.00017789132003369083,0.0002179091738485661,-8.152663804721534e-05,2.7901590994382856e-05,8.61689705828002e-05,0.001293949955579876,8.958218897323761e-05,-3.004718540197837e-06,8.963256615060545e-05,0.001301879296973674
0.0038599323729447046,1.5593332363112435,0.008724302373359928,-0.016405802354137716,0.00024862247868336377,-7.21538167498747e-05,0.00025888088028712,-0.0001185969060598889,-0.00013871231979313206,0.00018250022955977412,-8.447822431412964e-05,3.303673128168354e-05,9.070830169861286e-05,0.001296667543445536,9.401156078507889e-05,8.994489002017438e-06,9.44408512967455e-05,0.0012918107609376926
0.0038699329794779852,1.4786693331826324,0.0087710473594167,-0.014602076885432838,0.0002573252739620489,-2.2133318735316765e-05,0.00025827539646254083,-0.00011418619019462183,-9.378976096069232e-05,0.00014776672593052253,-8.3770900166887e-05,4.172078021909691e-05,9.358518695210657e-05,0.0012886564115591344,8.982014167007723e-05,1.2698517748450783e-05,9.071334081953141e-05,0.0012945453996295576
0.003879953593073857,1.3942363484244076,0.008901139429361096,-0.012887232882481475,0.00025799870553856914,2.058231387447883e-05,0.0002588183990832276,-0.00011401356883083752,-4.036353409608874e-05,0.0001209475454991553,-7.033448150718796e-05,4.569909539755242e-05,8.387697305601557e-05,0.001386135600836631,8.69204339223171e-05,1.704085836390688e-05,8.857512453856686e-05,0.0013401313556344013
0.0038899193462273054,1.3082356281868512,0.009079789472454318,-0.011267886929876948,0.000255987075920173,4.180478528731658e-05,0.00025937814694202565,-0.0001238670978778362,-3.412522820491386e-06,0.00012391409624686704,-6.322765784189666e-05,5.372270475429224e-05,8.296906485123724e-05,0.001397800278147138,7.856925271333322e-05,1.3320756313674363e-05,7.969046380025602e-05,0.0012756554248139168
0.0038999674567536855,1.2208807984174632,0.00926912708439913,-0.009714039746221375,0.00024288688331078594,4.7720967227733626e-05,0.00024753046034291975,-0.00012175502138912558,1.7803250169178232e-05,0.00012304974989837554,-6.797194257426032e-05,6.593577163547825e-05,9.469799870369217e-05,0.001345852582159523,7.063207869470964e-05,4.545406853429185e-06,7.07781835327727e-05,0.001208853996226124
0.003909973892670431,1.1339408530822794,0.009453853070022339,-0.008190023997111936,0.00022876425455701935,5.5905925565238656e-05,0.00023549640480554,-0.00011502487259822027,1.6732413280098994e-05,0.00011623551509935695,-6.941249188961302e-05,5.5672031967873266e-05,8.898016168651019e-05,0.0013382050497161009,7.189918779877402e-05,5.126655348792352e-06,7.20817300096819e-05,0.0011712433949253235
0.003919971963033825,1.0472598779499356,0.009641406571591073,-0.006648373505760956,0.0002215621708006022,5.382272924829942e-05,0.0002280058808750576,-0.00010308154410602639,1.2226617596578558e-05,0.00010380411799700255,-7.631096598636061e-05,4.7967776826786095e-05,9.013473882735692e-05,0.0012918217333613966,7.670152339304265e-05,1.1053838141520044e-05,7.749394188239743e-05,0.001123554689867474
0.003929956999827754,0.9608623252809644,0.009830612360367643,-0.005096582651286367,0.0002024693291036877,3.18794535522469e-05,0.0002049637255381724,-8.354444685489777e-05,1.0129541501446351e-05,8.41562963260644e-05,-7.175332559967347e-05,4.3080179023886374e-05,8.369254183822389e-05,0.0012654321976748807,7.752007020440516e-05,1.023938260487128e-05,7.819339000596435e-05,0.0011646164306569873
0.003939982898708446,0.873922716341544,0.010015181603923326,-0.0035440304243818115,0.00018755062299563108,1.741365754321108e-05,0.00018835729785458691,-5.8115676599081525e-05,-4.941362853301219e-06,5.832537126685965e-05,-6.590965277287752e-05,3.837016800010516e-05,7.626501243032466e-05,0.0012351118146648374,7.596960991226402e-05,1.2721600254116771e-05,7.702740254771095e-05,0.0011335237288808077
0.003949968640165373,0.7868071199319704,0.01017920957216181,-0.002010353890738073,0.00015816891672533863,1.930578903086257e-06,0.00015818069842104044,-3.569272259286004e-05,-7.569856017074322e-06,3.648661626144713e-05,-6.162018942272955e-05,2.0768949984901587e-05,6.502612573395722e-05,0.0012616040581105094,7.303221813408783e-05,2.746300113307811e-06,7.30838357634391e-05,0.0011233300350930613
0.0039599934159146475,0.6990556171604634,0.010312652288641774,-0.000497803784069688,0.0001276630327671515,-2.104321616979037e-05,0.00012938572905106389,-1.908804779708964e-05,-1.4411232210386839e-05,2.391729881332066e-05,-5.917765268739865e-05,-1.048765582424672e-05,6.009979619165307e-05,0.001260580114231562,7.181509372679677e-05,-2.0164558879739263e-05,7.45923395651529e-05,0.0011869348712888945
0.003969997519866244,0.6117244189842187,0.010413694313669165,0.0009726732257981063,0.00010443509616467252,-3.853617368454753e-05,0.00011131812966974432,1.5733975286080608e-06,-2.3887248114822277e-05,2.3939010052258016e-05,-4.661962847588204e-05,-2.3568985849656804e-05,5.223874858005879e-05,0.0013369706223684374,5.999366870955055e-05,-3.833358459591674e-05,7.119483122533272e-05,0.0013058998043206306
0.003979982990551467,0.525678682935341,0.010525189106825632,0.002420242775613781,8.012964498615256e-05,-4.5421105631992754e-05,9.210774583301607e-05,1.5470534117888873e-05,-2.1427203347307326e-05,2.642844053627875e-05,-4.5019455331533434e-05,-3.749843809817904e-05,5.859082025497594e-05,0.0013278041514669194,5.042062612723904e-05,-4.078487967590343e-05,6.485095179903484e-05,0.0012759168890889559
0.003989934666993569,0.44165263318705145,0.010671522114254647,0.003778624013298056,4.7648262748380306e-05,-4.746628630571637e-05,6.725626571996786e-05,2.0218767084195875e-05,-1.6559441093809707e-05,2.6134529491542717e-05,-5.083675902003241e-05,-6.928520931143087e-05,8.593495387203996e-05,0.001311160046461098,4.6004146469655335e-05,-5.710085834689561e-05,7.332727675533668e-05,0.0012777037634518844
0.003999913003680193,0.3599685339076105,0.01080848893279544,0.004984208804797496,1.8372829266200853e-05,-4.427184346520104e-05,4.7932838211942246e-05,6.901298925375034e-06,-3.0122882945442604e-05,3.090333321507923e-05,-4.367642797723735e-05,-9.086266007877775e-05,0.00010081494610147006,0.0013365974725282402,3.6890965521004423e-05,-7.318816104442697e-05,8.196005279486412e-05,0.001292150706151797
0.004009970354351159,0.28150477531180207,0.010856168423554746,0.006008608469514973,-1.6501769739617027e-06,-5.346673791071479e-05,5.349219706516511e-05,-2.408060056020671e-06,-5.045061239408667e-05,5.050804930079733e-05,-3.449936212324376e-05,-0.00010755799893162266,0.00011295542979903908,0.0013128160207486364,4.225676562807738e-05,-8.975285581838148e-05,9.92028697614209e-05,0.0013056624575121848
0.004019979094106374,0.20799063818350302,0.010794266869284221,0.006803558511620523,-1.4569879998169687e-05,-5.846464903965105e-05,6.025277247140281e-05,8.220546961318874e-07,-5.961154317946824e-05,5.961721105654841e-05,-3.103524883763855e-05,-0.0001100865009050633,0.00011437755178327016,0.0013015144898137379,4.528974329686963e-05,-9.429216643527238e-05,0.00010460484452908218,0.0012453848117189516
0.004029950745734171,0.1397359964404904,0.010591198154030711,0.007381775041409156,-2.572110737199566e-05,-4.104708672809363e-05,4.8440052573313436e-05,8.46686014725458e-06,-6.335395821010199e-05,6.391722570356537e-05,-3.351210546623749e-05,-0.00011358659221310492,0.00011842708787843436,0.001277910491600301,3.901279188548434e-05,-9.095121058692345e-05,9.89652496481821e-05,0.0012262844267963012
0.004039942717751812,0.07662797067808258,0.010459134735162981,0.007771241601362171,-3.524136582402264e-05,-1.8557353598432614e-05,3.9828748884691956e-05,6.7221722381480276e-06,-8.250584540033434e-05,8.277923728099456e-05,-2.3034991964858884e-05,-0.0001058254440906291,0.0001083034416433752,0.0013031791762172077,3.7957787352201065e-05,-8.605732851039871e-05,9.405667127334244e-05,0.0012663565869072114
0.004049946997578974,0.018844730772801476,0.010532702566384805,0.00801105133408656,-3.6864673387336944e-05,-9.898839003925351e-06,3.817055354040157e-05,4.614771570384847e-06,-7.815203782209472e-05,7.828816725657176e-05,-7.113106437072377e-06,-9.948106920436605e-05,9.973504606320182e-05,0.0013324242973317608,3.735802312447254e-05,-7.044707758869367e-05,7.973965533256368e-05,0.0013257434227684187
0.004059916768078634,-0.03327485992395822,0.010760411543511754,0.008085877200906724,-3.7427175460577524e-05,4.780965826941086e-06,3.77313012921001e-05,1.5664341234397812e-05,-5.712420928710347e-05,5.923298804707099e-05,-3.86878131656924e-06,-8.230555436553464e-05,8.239643043417241e-05,0.001327004656953935,2.870115868995974e-05,-4.3299621980493e-05,5.194818354668279e-05,0.0013136964127308435
0.004069938821230154,-0.07992298705607986,0.01105621186552211,0.00800649212370073,-4.127524708925174e-05,2.1904103266537393e-05,4.672724860496195e-05,2.002079730111222e-05,-3.101331735739258e-05,3.691420022271335e-05,-2.1787529463588675e-06,-6.700515071561557e-05,6.704056374183935e-05,0.0013412676660868642,2.032200058866331e-05,-2.668930296550183e-05,3.354553026425393e-05,0.0013594630030047774
0.004079975100885102,-0.12026608001470852,0.011521177153934813,0.007791290518047193,-2.9886096828147298e-05,3.573687533913613e-05,4.658651138072427e-05,2.2327619637849214e-05,-4.088417268686299e-06,2.269884918790735e-05,5.076646450678327e-06,-5.161057691573704e-05,5.18596566587207e-05,0.0014543727380654536,1.7035232691369843e-05,-2.4658095477549983e-05,2.9970332421064114e-05,0.001463510797832889
0.004089973857797665,-0.1540454586303527,0.0122608751566286,0.007452701170774554,-1.59874000782872e-05,5.280535026521026e-05,5.517247482118922e-05,1.6978344211661302e-05,8.429501471643938e-07,1.6999256957886637e-05,1.870903604638217e-05,-2.484241678116254e-05,3.109941641436079e-05,0.0014814458044630058,7.0289564980979826e-06,-1.2065407017906673e-05,1.3963533791984945e-05,0.001519389775861376
0.00409995801027166,-0.18258696692581883,0.013151920282936371,0.007040249122286727,-1.2903268314011073e-05,6.395065424563263e-05,6.523940919128416e-05,2.2899417694854235e-05,-1.0633759897542499e-05,2.524797378646426e-05,2.2121484905227493e-05,-1.579495696300297e-05,2.718162540900238e-05,0.0014694011125028906,4.889161458461929e-06,4.8210164594942486e-06,6.866301731618269e-06,0.0015043887856635873
0.004109967524010925,-0.2071495355886167,0.014176091703604251,0.006587020047470601,3.6012249761798246e-06,6.768934816272167e-05,6.778507708945394e-05,8.278622731757671e-06,-1.3492159965753116e-05,1.582952857403675e-05,3.247288940270571e-05,-3.1638855102919514e-05,4.533768518995972e-05,0.00142466520230133,-1.3612814134376926e-05,3.8016039421160764e-06,1.4133679676213294e-05,0.0014984036450725337
0.0041199969731230135,-0.22837508298523004,0.01542243182188544,0.006065332732963466,1.7058534083964905e-05,7.215240367048778e-05,7.414150619270431e-05,-4.923328484312227e-06,-4.3902366744622925e-05,4.417756182887205e-05,3.623392244672073e-05,-5.1159263196917876e-05,6.269104678282608e-05,0.0014037040140909046,-2.3998654721843482e-05,-4.1642908471439215e-06,2.4357272973751947e-05,0.0014444727694651843
0.004129920749545665,-0.24665609622215312,0.016734506962604343,0.005505988955794075,2.481674218305632e-05,5.3940652781472094e-05,5.937562391311455e-05,-6.284594021007794e-06,-6.54160108718582e-05,6.571720170850214e-05,3.2312150521229824e-05,-5.105311548715976e-05,6.041933194145632e-05,0.00141512051765834,-1.7406520012324307e-05,-9.045223147915228e-06,1.9616396221911607e-05,0.0013730411886722382
0.004139947689710027,-0.2628398160968383,0.017973972947488735,0.004893334373674096,1.8758206720561905e-05,3.560954153216714e-05,4.024810265717467e-05,2.1363708341401097e-06,-6.894756338215586e-05,6.898065364054884e-05,3.133156909013862e-05,-4.52210286702935e-05,5.501462219855406e-05,0.0014040574082545211,-1.946923616187914e-05,-2.0536953563542592e-05,2.8298721144216522e-05,0.0013045479107579466
0.004149991383555522,-0.27636965725745355,0.019155254327358155,0.004185335029271522,2.151583929596709e-05,4.6431598961894436e-05,5.117445381015881e-05,3.4882650261822655e-06,-8.868679739007004e-05,8.875537180475456e-05,2.924625697245803e-05,-6.881651471932279e-05,7.47733658799296e-05,0.0012773030955757973,-3.179335395666153e-05,-3.733759336157031e-05,4.9039914700655276e-05,0.0013052261681498049
0.004159965118920347,-0.2862658326397945,0.020436381141172688,0.0033982346862016133,2.3088171000211054e-05,4.609517563735904e-05,5.155413520925324e-05,3.6911244893477607e-07,-9.100530236612237e-05,9.10060509128339e-05,4.928844360588778e-05,-8.688660929120467e-05,9.9893110609357e-05,0.0012019953695681812,-3.316249031785068e-05,-5.570986718313432e-05,6.483317102875661e-05,0.0013004135189975227
0.004169913432839005,-0.2915108742595777,0.021948752707774973,0.002534861946185201,1.3785084024213901e-05,5.328693093344893e-05,5.5041125986491175e-05,-2.2770710591821577e-06,-7.603364601419043e-05,7.606773546530606e-05,4.6634549447674886e-05,-8.871203550214287e-05,0.00010022278406191423,0.0011464835006224374,-2.4776577655468792e-05,-5.1821109994862615e-05,5.743958775458895e-05,0.0011515639945237472
0.004179968965147302,-0.29151300555258886,0.023739811652996663,0.0015747265755383104,5.126079726479153e-06,5.778729118897964e-05,5.801420271211305e-05,-4.136847867336306e-06,-8.016361494512543e-05,8.027028510817576e-05,4.0626047917214264e-05,-9.085195792401588e-05,9.952162593124643e-05,0.0010759394490966949,-2.5616239427548222e-05,-6.457310300709852e-05,6.946853499516765e-05,0.0010047319834989642
0.004189929669998917,-0.28713108578647134,0.02567703658742934,0.000501506130647302,-1.4452833499982443e-05,5.6325614608776294e-05,5.815031605446877e-05,1.4955474295653623e-05,-8.40623755138241e-05,8.538237047795717e-05,5.089727324859202e-05,-7.777081697428935e-05,9.29453193925883e-05,0.0008500462905156546,-2.1778009850823937e-05,-4.823980883776116e-05,5.2927883669823076e-05,0.0010191975834323102
0.004199950409495853,-0.2797078661883317,0.02763406099345819,-0.0006513346664982521,-4.071112922188506e-05,3.758128284035016e-05,5.540531438812906e-05,2.804492070847004e-05,-6.828516495249284e-05,7.381992502118604e-05,6.607473145372096e-05,-7.72132703557538e-05,0.00010162558366726398,0.0008047890189188905,-3.065564754936763e-05,-3.5686827931204426e-05,4.704591814878781e-05,0.0009393178008388742
0.004209930314805301,-0.27086009525704796,0.029542594654010868,-0.0018112358462740628,-5.181985562775337e-05,2.2858103954688e-05,5.663735828659848e-05,3.2563500177930534e-05,-5.705686891754891e-05,6.569526493220377e-05,7.056631691317779e-05,-5.983794524775875e-05,9.252126660484506e-05,0.000849562278286769,-2.8163466971041033e-05,-3.140144002361964e-05,4.218093535456392e-05,0.0007677494477019964
0.004219913416186126,-0.26191165251876475,0.03135032834790315,-0.0029742320588212415,-5.917965493268569e-05,2.3017507265074285e-05,6.349832437670697e-05,3.962994105658271e-05,-5.612648798235412e-05,6.870745870268788e-05,7.519599665549113e-05,-1.0628791967935793e-05,7.594346009835403e-05,0.0009132955784411302,-2.2692521186964038e-05,-2.12002514727102e-05,3.105480929464811e-05,0.0008596820447179161
0.0042299515535647115,-0.2529997198753957,0.03312278612633957,-0.00409231587326575,-7.667231117986124e-05,2.0075147294263375e-05,7.925689143883859e-05,4.4307747964379175e-05,-3.192533678697861e-05,5.4611387627828655e-05,9.32356048224156e-05,1.394992602930476e-05,9.42734238416359e-05,0.0009278908279095987,-2.814051719669669e-05,-2.8240079669480574e-05,3.986716453218353e-05,0.0010606586563563932
0.004239977093426184,-0.24419764596128532,0.034905221220264654,-0.005184012667213116,-8.795260218315932e-05,1.3482292097173217e-05,8.897995522016507e-05,3.820137447683265e-05,-1.1087250466243475e-05,3.9777784438306984e-05,0.0001010567093384221,1.819934198822149e-05,0.00010268239650063963,0.0009722196338498999,-2.830908555397545e-05,-2.2203964671107512e-05,3.5978054033231035e-05,0.001030749888886942
0.0042499370354624755,-0.23584815035385506,0.036546425494753156,-0.006369389226354979,-9.002475343266843e-05,1.4707506972698509e-05,9.12182382638731e-05,3.6919322108225783e-05,2.3770816516692385e-05,4.390999957641977e-05,0.00010805359475597372,3.0471122198252832e-05,0.00011226784324867495,0.0009248322663542919,-4.505225980466811e-05,-1.2630415865408862e-05,4.678924575626845e-05,0.0010354897988132535
0.0042599465285104434,-0.2282014477597497,0.03783545590635689,-0.007711740646104094,-9.380655401107583e-05,5.8786919162487855e-06,9.399057715579288e-05,3.061339191329964e-05,3.403105902927284e-05,4.5774367751954064e-05,0.00011392391319823928,2.7213612899967966e-05,0.0001171291540371963,0.0008532119852869102,-5.1052851130865364e-05,-3.6114287155152846e-05,6.253507292164245e-05,0.0010872520159214247
0.004269969327940862,-0.2206426578689262,0.038832899513208695,-0.009144458942875962,-9.879665150832988e-05,1.5473387709855932e-05,0.00010000102037718366,4.070828947464215e-05,3.280213064885121e-05,5.2279485527839354e-05,0.00010625165515806048,1.678443774146962e-05,0.00010756919435472532,0.0008520632129981518,-6.008616867814824e-05,-4.6987149352599504e-05,7.627673217110428e-05,0.0010912265743309685
0.004279913423481409,-0.21237056763373624,0.03965363914401164,-0.010555674872269303,-7.998858164616355e-05,1.9816299769476513e-05,8.240666799670234e-05,5.485136127512209e-05,1.541500005126069e-05,5.6976258742693264e-05,9.692439156760435e-05,-3.231271406390073e-06,9.69782387737169e-05,0.0009457336250588027,-5.569169147061626e-05,-4.8692869913239195e-05,7.397675364089685e-05,0.0010900960255117395
0.004289993038818147,-0.20294139573508932,0.040425652067382044,-0.011987663086896631,-8.068636296187839e-05,1.1331761207124138e-06,8.069431985051075e-05,5.505320972949224e-05,1.5172413986004802e-05,5.7105674391273704e-05,8.118714997947066e-05,-1.0435190492661495e-05,8.185503358014823e-05,0.000962283111569658,-4.7037476961146275e-05,-5.085325344218286e-05,6.927176643139144e-05,0.0010231426270060928
0.004299991225461763,-0.19252282775887977,0.04116906913551014,-0.013385580585735687,-0.00010399545525893858,-9.831176024856713e-06,0.00010445911514341683,5.5175391454247245e-05,5.142472734053145e-07,5.517778785333483e-05,7.55951377126617e-05,-6.051439406040924e-07,7.559755978194758e-05,0.0009208730015803405,-4.862051016721973e-05,-6.58946592150852e-05,8.189053743866217e-05,0.0009777472614320433
0.004309945624254763,-0.18170076927594855,0.041899087043447664,-0.014674471574027835,-0.00011980228499636463,-9.460990959168846e-06,0.0001201752796555084,5.3753985002907064e-05,-3.623801834870232e-05,6.482811795458544e-05,7.188185827332373e-05,-1.5013235910908694e-05,7.34329544642104e-05,0.0009241667508532521,-4.60581632850852e-05,-3.1398778008057575e-05,5.574260189114651e-05,0.0010561652380658361
0.004319998665508673,-0.1710919510564497,0.04262416652070604,-0.015823655587786332,-0.00010448241490683668,-4.156534099132543e-06,0.00010456506013234832,5.289232968193076e-05,-4.9218022123188666e-05,7.224965218532711e-05,7.113200622109923e-05,-2.4479305144359644e-05,7.522631646830232e-05,0.0008815258624372125,-4.260807645429058e-05,-1.7041423871918e-05,4.58896317997546e-05,0.0010700373262469173
0.0043299549856107445,-0.1613751331189608,0.04330934298730806,-0.016761912321375052,-8.720490947701498e-05,1.6034936690626684e-06,8.721965047419705e-05,4.7524026913471195e-05,-4.9389270668448366e-05,6.85407411050799e-05,6.745986239644388e-05,-9.52941991095809e-07,6.746659271806704e-05,0.0008424407974383405,-3.389366894667271e-05,-2.8750293771633112e-05,4.4445024317935204e-05,0.0009987799220615413
0.004339957874648214,-0.1526856562570497,0.043903495462223135,-0.01746709723774408,-8.233246408936596e-05,9.66159680080655e-06,8.28974130824846e-05,3.8129348586671274e-05,-4.361559297408987e-05,5.7932436286810594e-05,5.7557936662665694e-05,6.87867192609904e-06,5.7967509868290345e-05,0.0009310990933049383,-1.3444496065602902e-05,-2.3233613940184626e-05,2.684316097592743e-05,0.0010336725161239559
0.004349963519845792,-0.14487873588660313,0.04433139334804418,-0.017925446697786677,-8.256763728175425e-05,1.4424530719641925e-05,8.381814727595229e-05,3.667644181933917e-05,-2.419026054000542e-05,4.393552195571044e-05,4.836241367188465e-05,-2.053663239720899e-06,4.8405997447348154e-05,0.0010342319942512634,4.501964910385662e-06,-1.8439388484306438e-05,1.8981009871171677e-05,0.0010057985131427193
0.004359992726485439,-0.13729450960435136,0.044564110961647016,-0.018161758087623242,-9.420302196924734e-05,4.210723042113699e-06,9.429708127336648e-05,3.6726963577601336e-05,-1.3532393081770101e-05,3.914071430301182e-05,4.88105146636932e-05,-2.380640519669213e-06,4.886853579777585e-05,0.0011697113309367415,2.970880953408195e-06,-2.553643360891345e-05,2.570866731477476e-05,0.0010570552224408113
0.004369938267809007,-0.12976485124943302,0.04466024735591547,-0.018204588883930447,-8.606539141431651e-05,1.2743077792171193e-05,8.700366446832474e-05,4.587241998857492e-05,4.9145717446360425e-06,4.613493178754449e-05,5.1959921380549665e-05,2.470632722109998e-05,5.7534650730051083e-05,0.0011547418719256267,1.1961689277800724e-05,-1.6972589708712142e-05,2.0764171348718305e-05,0.0011462868941553455
0.004379977219591096,-0.12208898229711757,0.04471654655829474,-0.018029072529472757,-8.747405409003902e-05,1.2671532592997824e-05,8.838709112309601e-05,5.302942952518583e-05,3.883633737517182e-05,6.572960897863929e-05,5.996800060204856e-05,4.568219853935676e-05,7.538583659810711e-05,0.0010826587755549118,1.1994814113806817e-05,9.602154115197945e-06,1.5364795126417796e-05,0.0011183679478875739
0.004389919285692072,-0.11505115988148142,0.044795542456219944,-0.0176283499820341,-8.534805328685524e-05,1.474839534805514e-05,8.661296303209132e-05,6.754446044170527e-05,5.801022260903654e-05,8.903617278112904e-05,6.853942654116476e-05,6.367333515005833e-05,9.355183910390738e-05,0.0011405157166497417,-5.713410512723597e-06,1.6295837386699345e-05,1.726839239247964e-05,0.0010512548563917068
0.004399953226906091,-0.10947358359457068,0.04482548710152138,-0.017011530207658786,-8.046137739132217e-05,2.9665945546234915e-05,8.575605854317784e-05,8.196304334096493e-05,4.8970136123233915e-05,9.547782310903907e-05,7.581833530903951e-05,8.009475306626056e-05,0.00011028866413997045,0.0011986263256662908,-2.3399491771735707e-05,3.77308007772226e-05,4.439762991946742e-05,0.0011353299747206128
0.004409987380974212,-0.10664736613250263,0.044675037938330976,-0.016242588562547167,-8.164916094664755e-05,2.6370914686238698e-05,8.580215979030152e-05,9.888192096904093e-05,5.20486155142516e-05,0.00011174387084524167,6.073045506678522e-05,8.927973153628382e-05,0.0001079771208905374,0.0011658870482691235,-4.5184593368695344e-05,6.338520389786162e-05,7.784170830003565e-05,0.0012636979165942352
0.004419988878028486,-0.10768016765249203,0.04421093473137448,-0.015353195184850572,-8.811755751147012e-05,-9.808828199116268e-06,8.866181281942651e-05,0.0001102925731162642,3.823663654393996e-05,0.00011673256640201075,5.506217871917712e-05,0.00010818151258071199,0.00012138815094379414,0.0011758473074562187,-5.548778932324046e-05,7.514360188944811e-05,9.34101475692025e-05,0.0013098245556133988
0.004429998865776309,-0.11395493815122149,0.04340688496515855,-0.014347698010175866,-9.437212642793508e-05,-3.611401041368064e-05,0.00010104612805392197,0.00010171164739005301,6.3624577917746145e-06,0.00010191045129892513,7.89128810402583e-05,0.00011825212394185146,0.0001421647199935095,0.0011801750894561125,-6.487990064440683e-05,8.265731097505956e-05,0.00010507917284246105,0.001269278473611708
0.004439988422207526,-0.1263513969089246,0.04228953043083367,-0.013239190361082448,-0.00010201202280223564,-5.6407320738203714e-05,0.00011656860052804285,9.853918343682381e-05,-3.359656179433958e-05,0.00010410907566968833,8.547326726514917e-05,0.00010266374388917857,0.000133587139075296,0.0011953440315849505,-6.392267952385761e-05,8.57251198415926e-05,0.00010693411583477567,0.0013223436764994438
0.004449973551717772,-0.1453334682418835,0.04090922470757864,-0.012097689448145193,-0.0001063195390556518,-7.17312436493739e-05,0.0001282544958295502,9.67984237106468e-05,-5.1304141727278136e-05,0.00010955386707569273,8.26312962962053e-05,9.348611386776349e-05,0.00012477012708852914,0.001151488510395224,-7.283140140349892e-05,7.154044827698903e-05,0.00010209039509214432,0.0012246979501383298
0.004459977892248038,-0.17112721429475566,0.039246052198035786,-0.010960862593750563,-0.00010976102711298015,-8.079435113359919e-05,0.00013629090302729558,9.71137116597162e-05,-6.0621621878066744e-05,0.00011448167552693226,8.18962041822996e-05,7.374136780032244e-05,0.00011020334652147064,0.0011028291408365335,-6.530173372532265e-05,5.106646700318137e-05,8.289813314978783e-05,0.001129879802457817
0.004469970398405355,-0.20240415515636662,0.03737953166477274,-0.009895555975192327,-0.00012121962535910661,-9.110037168543042e-05,0.00015163599603466762,8.957065042805796e-05,-6.236425346621719e-05,0.00010914303243223518,8.075264833696064e-05,4.67987265591432e-05,9.33333328505432e-05,0.0011958722778524478,-6.208466443625761e-05,3.6386554762006095e-05,7.196170457688713e-05,0.0010563974530672566
0.004479913604810073,-0.23749794753203338,0.03540716687799546,-0.008892754320997804,-0.00012330998315496916,-7.642501005607742e-05,0.00014507285792921538,8.252771322786413e-05,-4.6485689856420035e-05,9.471928426697412e-05,7.73473459312099e-05,4.3125704518129055e-05,8.855754238226821e-05,0.0011503381774406892,-6.279854105170531e-05,1.4201942941363556e-05,6.438440759634636e-05,0.0010416343371286488
0.004489970078022335,-0.2759288045565965,0.03336695915034238,-0.007904398436262812,-0.00012854170493729325,-6.458416926593883e-05,0.0001438543875867455,6.895116626538756e-05,-5.8395703325964965e-05,9.035663504298528e-05,7.586778169067082e-05,2.348934081968963e-05,7.942083751010704e-05,0.0010788270913495985,-5.802548799462154e-05,3.936335069911986e-06,5.815885135382737e-05,0.0010734433704550936
0.00449993741492928,-0.31613393837445386,0.03127121984985354,-0.006976671119571042,-0.00013306081455540398,-6.953589600914511e-05,0.00015013467688692792,4.495676536743877e-05,-7.067072625273261e-05,8.375835660632085e-05,6.788171701234922e-05,-4.4208623474192183e-07,6.788315656172456e-05,0.0011378656327184797,-5.1765129122668954e-05,-4.81135116781938e-06,5.198824572099607e-05,0.001014552256955697
0.004509995120601538,-0.35802510946042454,0.02908159436577625,-0.006119593543666016,-0.0001254632019617413,-4.516444057103172e-05,0.00013334482269134764,2.2429400610188277e-05,-6.88315618090627e-05,7.239379747469484e-05,6.592844922149224e-05,-9.919805663629648e-07,6.593591162784451e-05,0.001278505232201303,-5.143933928338923e-05,-3.432799229257454e-05,6.184186834783283e-05,0.001029184410539266
0.004519912967104461,-0.39949219754587645,0.02686986872245078,-0.005374734181706189,-0.00011024426001039409,-2.187839641847488e-05,0.00011239422180469649,6.649602845548719e-06,-7.328041384665542e-05,7.35814940833673e-05,5.89026219445001e-05,1.6439623724202335e-05,6.115374150556989e-05,0.0013610260224338594,-5.7816017197317995e-05,-4.061819294415524e-05,7.065783355445589e-05,0.001197846941530824
0.004529911878696883,-0.4410220250443066,0.024738475705352706,-0.004721365550331534,-9.628392246749861e-05,4.6139025767309395e-07,9.628502794670187e-05,-8.28069411728128e-07,-7.348408955384529e-05,7.348875503441457e-05,5.7872530183497586e-05,2.5510363321401723e-05,6.324561950546264e-05,0.0012801013689789378,-6.119787611113906e-05,-4.9755031171149924e-05,7.887168799611445e-05,0.0012618510955426051
0.004539943881176491,-0.48216042137048537,0.02275934696151508,-0.004118484695502321,-8.528834660116464e-05,3.594468706597351e-05,9.255334998924217e-05,-8.903168477708556e-06,-7.102887547790294e-05,7.158468803171461e-05,5.228055863529072e-05,1.0722916565481085e-05,5.336888373283013e-05,0.0012333774951954978,-5.091109822534616e-05,-5.6315320540310466e-05,7.591676527664202e-05,0.0012132534191306847
0.004549950243808194,-0.5221017823889721,0.020836339374931095,-0.00352624718300492,-6.74534001357265e-05,9.342327693931579e-05,0.00011522963969374599,-9.04026014282057e-06,-5.962177144078275e-05,6.0303249773016447e-05,3.619813437247266e-05,5.025520548335942e-06,3.6545325129615874e-05,0.0012164461046876604,-3.882780080558303e-05,-5.0167121646759834e-05,6.343767184976789e-05,0.0011941651765745363
0.0045599603266357844,-0.5601313701021816,0.018822841604584955,-0.0028049070488899777,-5.0152179219535836e-05,0.0001255659894602772,0.00013521116370184412,-6.930320051143617e-06,-2.8816401960555417e-05,2.9638055907288947e-05,1.7198210178708446e-05,7.8421571352529e-06,1.8901795202705713e-05,0.001275049771317404,-2.2953300216812153e-05,-4.6989459191770715e-05,5.2295920165708853e-05,0.0012273648083040317
0.004569913198020405,-0.5949395398021652,0.016651274289566705,-0.001885314817747409,-4.0407315140989376e-05,0.0001536846118810943,0.0001589078696790874,-2.4088753971256323e-06,1.4951589179802217e-05,1.5144394992222565e-05,1.1835505594144646e-05,9.978697670092613e-06,1.5480749331351533e-05,0.0014526249611713058,-6.197820939595848e-06,-6.6641241026099e-05,6.692882779414198e-05,0.0013810162806627804
0.0045799854445137044,-0.6258614108635605,0.01428327386368573,-0.0007502248883787305,-2.500357567840946e-05,0.0001615780292062235,0.00016350118751517727,8.874958143697924e-07,3.242510205799675e-05,3.2437245448589325e-05,7.924119599952059e-06,1.0162547374353331e-05,1.2886777741946205e-05,0.0014722983301820969,1.0991514590859748e-05,-7.523670896411563e-05,7.603535867444908e-05,0.0013850596232752714
0.004589936021758731,-0.6516844788466277,0.011736078318553769,0.0005811362803735693,-2.010575842119897e-05,0.00017647004621115979,0.00017761170775447343,-1.270913162712637e-05,3.565805492700204e-05,3.7855236201782155e-05,-6.450709404202948e-06,9.753646497258545e-06,1.1693813399013867e-05,0.0014772064280705838,1.868834199660607e-05,-9.85572283112727e-05,0.00010031341574775751,0.0015061091111548551
0.004599929223913603,-0.6722138117447318,0.009080646233314393,0.0021316793043142383,-3.8292611886691155e-06,0.0001720435120286375,0.00017208612167283853,-2.228433334330003e-05,5.492877646534004e-05,5.927699382167257e-05,-2.0699327582614226e-05,1.281618632192897e-05,2.4345775695400902e-05,0.0014631329834075319,2.2276527481652116e-05,-0.00011128232538704813,0.00011349008599956939,0.001544720527282563
0.004609987356456362,-0.6868486486797319,0.006422230151707346,0.0038464940780355518,2.3989462875250583e-05,0.00016163654102990674,0.00016340705531021527,-2.1547062871466946e-05,6.640464263976909e-05,6.981298219172697e-05,-3.765285557948972e-05,2.2824202835498573e-06,3.7721969402997376e-05,0.0013656246653729076,3.0469193613703408e-05,-9.821618683846371e-05,0.00010283380337494747,0.0014707079808835301
0.004619960686584727,-0.6955668846975568,0.003742170167962751,0.005572382319078436,3.541254481401624e-05,0.00014554737742351277,0.00014979348251865695,-1.7777229937706533e-05,7.96469602566225e-05,8.160679005069426e-05,-4.978811885378576e-05,-6.747641178490944e-06,5.0243282540777165e-05,0.0013767127487053555,2.383018903822041e-05,-9.727970634164574e-05,0.00010015597423775653,0.0014297341420366782
0.004629938719398666,-0.6985377873389957,0.0009151954634882484,0.007252749496035865,3.872071046501701e-05,0.00013247316206952108,0.00013801605735425598,-3.228188075845e-05,7.607758554105183e-05,8.264332306398892e-05,-5.6165486082096484e-05,2.2126798829075064e-05,6.036685392879549e-05,0.0014291451364341966,2.4054868400182063e-05,-8.223548822368395e-05,8.568145783737424e-05,0.0014070345784276878
0.004639939110220124,-0.6959880867710818,-0.001806691268219071,0.008841405021330071,3.9467569964763815e-05,0.00010656088089728748,0.00011363498764258046,-3.523085628348143e-05,7.7820123965018e-05,8.542356190418479e-05,-7.672118076215984e-05,4.914218271930141e-05,9.111033805204111e-05,0.0014077430991126165,2.732174722192282e-05,-8.471263681245269e-05,8.900959895975918e-05,0.0013780890515310592
0.004649938085724427,-0.6878483426192946,-0.00416739335040621,0.010240405562923004,4.140731697244854e-05,7.380992084381607e-05,8.463137901409394e-05,-4.261601897867029e-05,6.303141770851097e-05,7.60860348022893e-05,-0.00010170102221708129,2.8123856010315343e-05,0.00010551800413620517,0.001375008061545707,2.288690634692873e-05,-9.498955333111187e-05,9.7707859070687e-05,0.001372050259084569
0.004659940641841529,-0.6744911648554877,-0.0062461574838639025,0.011429287270972026,4.4397750463814195e-05,4.5956543762532016e-05,6.389964132015636e-05,-5.719726743448703e-05,5.832752690664158e-05,8.169227501433185e-05,-0.00011038507962455036,1.678700266546e-05,0.00011165423978608464,0.0013402946911875526,2.6078663765865633e-05,-0.00010675989012624672,0.00010989891193083462,0.0012926611657214913
0.004669916187389535,-0.6569026647834698,-0.008113011963138102,0.012408045812113562,5.5597814116671324e-05,2.8918459685719533e-05,6.26689256741052e-05,-7.134775816357037e-05,5.942120916681712e-05,9.28514011408226e-05,-0.00010318510486260387,3.835755140929511e-05,0.00011008391170204334,0.0012715297272998054,4.3982937258185695e-05,-0.00012278968067206384,0.00013042930824552014,0.001232609074933447
0.004679938341115081,-0.6355819831496292,-0.009644373400870945,0.013144780527132756,6.667746241703458e-05,1.3424117588667716e-05,6.801537272859303e-05,-7.457822266308724e-05,6.270328490823155e-05,9.743517452064157e-05,-0.00010482474137461136,4.331678129364458e-05,0.00011342208755747531,0.0012350456909434736,6.672842632368484e-05,-0.00011202067817731711,0.00013038909164090945,0.001159718997107553
0.0046899614838623845,-0.611081814090218,-0.010691443104963248,0.013607119788035346,5.6176762322453656e-05,-3.072922691137855e-05,6.403213264919763e-05,-6.571723097892638e-05,6.665643278719739e-05,9.360467124802973e-05,-0.00011243647708422261,2.6978308677700125e-05,0.00011562781031490732,0.0012969564554125147,8.632759158788556e-05,-0.00011034170650354721,0.00014009905518410794,0.0011858603236271832
0.004699974575675355,-0.5832235876781615,-0.01113542203939313,0.013711248787120189,4.498102806813108e-05,-5.106479189150535e-05,6.805075941522436e-05,-6.515303182856808e-05,5.719334844829908e-05,8.669484796216532e-05,-0.00010811572317693715,2.8873282339968075e-05,0.00011190476321924647,0.0012697412091704475,8.794594503861626e-05,-0.0001256585062373769,0.00015337714770637836,0.0012642141684141924
0.004709931442857634,-0.5520938858741234,-0.011025812478041604,0.013423640888929564,3.8983132080135704e-05,-5.735139262456905e-05,6.934599355950406e-05,-6.588660871305893e-05,5.4052570699669404e-05,8.522162640404425e-05,-9.490628500013939e-05,5.468576666060408e-05,0.00010953417735020298,0.0012225340345684847,0.00010320654472920308,-0.00012823136542461242,0.00016460520633807874,0.001240472798050634
0.004719973741005133,-0.5179127633155547,-0.010329309137580338,0.012771661482971803,4.135837152922234e-05,-8.165424151464226e-05,9.15310332776852e-05,-7.268890419027604e-05,2.3234939233739738e-05,7.63121169512333e-05,-8.895469885717434e-05,7.476682984169373e-05,0.00011620248402399734,0.0012564495244542944,0.00012736931749447733,-0.00013726873323616874,0.00018725823924001695,0.0011738477537896444
0.004729923877967267,-0.4821348296283297,-0.009064163286460897,0.01180269921334182,6.474243574939751e-05,-5.539353191121154e-05,8.520578832663469e-05,-8.409978097895362e-05,5.170172184259317e-06,8.425855351905145e-05,-0.00010199541701434584,6.32238240811912e-05,0.00012000132092347867,0.0012934923260726002,0.00013531484905427438,-0.00014269819589023136,0.00019665422315553742,0.0012500071601092614
0.004739934695376945,-0.4441365002298605,-0.007555992384926832,0.010640946047128728,0.0001006739627317137,-1.4554329625380298e-05,0.00010172057453116701,-9.457971722305614e-05,-6.239465917554757e-06,9.478530395018834e-05,-0.00010920751274889293,6.929933601794161e-05,0.0001293393938957779,0.0012668241358797347,0.000128612828948838,-0.00013903536671781245,0.0001893992950582965,0.0013075786530630097
0.004749933087141692,-0.40417155065442745,-0.0059936390443569845,0.009392146296870973,0.00010837482542905763,-1.3246361552546472e-05,0.00010918135775469867,-9.012642264543931e-05,-1.777216524730967e-05,9.186197209096939e-05,-0.0001223105315753666,6.740509981266375e-05,0.0001396542645786512,0.0012985164126756011,0.00011590155929047755,-0.00013461402511442483,0.00017763475786982424,0.0012993695038059547
0.004759947686275642,-0.36237081661928117,-0.004400406838388547,0.008144923235881743,0.00012151338851368364,-8.770057117870091e-07,0.00012151655330487253,-8.580727894071842e-05,-3.8483048691842066e-05,9.404166180916279e-05,-0.00013523019688975734,5.607652675529215e-05,0.00014639598014897653,0.0013548541752239035,0.00012210038954035552,-0.0001347112430011552,0.00018181205712719618,0.0012246309520356252
0.004769953864238596,-0.3188612011042946,-0.002834053013051775,0.007014596158195018,0.00014164458814041984,1.5267425676558572e-05,0.0001424650260108017,-8.735757181310613e-05,-3.413196621750541e-05,9.378878648833732e-05,-0.000151130476994255,4.893530350067537e-05,0.00015885554760603813,0.0012450970427867786,0.0001164362984579272,-0.00013487234589101783,0.0001781795759472164,0.0011536453373206883
0.004779977760577283,-0.27367345976700647,-0.00118717574797574,0.006058745548809309,0.00016272804677160873,2.4025600047689062e-05,0.00016449208693354947,-9.450557938872357e-05,-3.411552433760148e-05,0.00010047474078805983,-0.00015762202925410362,6.274269931142743e-05,0.00016965067174363232,0.001231572286209966,0.00011548404177165969,-0.00011690158819207076,0.00016432451194434427,0.0011188202925718964
0.004789924831530022,-0.22791531023862469,0.0005385139882565223,0.005280061087129307,0.00019088595905168704,3.4529558817218235e-05,0.00019398386478053806,-0.00010380113020236207,-3.7251246906216345e-05,0.00011028295438260445,-0.0001614387799569956,6.063063550944496e-05,0.0001724486985636088,0.0011917973721861093,0.0001241248095528146,-8.453038312575153e-05,0.00015017441199454996,0.0009858135283000486
0.0047999474576260505,-0.1815702737068741,0.002043505612789772,0.004624473939525147,0.00020434140514016645,3.756471178128749e-05,0.00020776553474017014,-0.0001201998001603196,-2.4951953989320953e-05,0.0001227623393654013,-0.00016624440938528413,5.745433370933793e-05,0.00017589259254967478,0.0011189406955560868,0.00013815714190869576,-7.779639890701592e-05,0.0001585549606391394,0.0009583043687881039
0.004809956384312096,-0.13573574766850435,0.0031899182396183763,0.00408789571487178,0.0002106941726392991,2.557056627634421e-05,0.00021224016642438747,-0.0001282169153888832,-3.585045741760923e-05,0.0001331346412054047,-0.0001689418380212096,4.098684717729364e-05,0.00017384264803413298,0.0010794112256926592,0.00015568093844401388,-5.3223153222259406e-05,0.00016452737958689106,0.0009851771498964866
0.004819989335650662,-0.09050149151406339,0.004122583142584972,0.0035966003745098543,0.00021614911490142573,3.645745280536596e-05,0.0002192021572378457,-0.00013487103732423393,-5.115438739370998e-05,0.00014424620639219825,-0.0001791416681803229,4.1206121302377104e-05,0.00018381969892047786,0.0010449078064908531,0.000159029004489226,-2.9812064084217325e-05,0.0001617992071482297,0.0009272491846959506
0.00482997843143417,-0.046404063324408676,0.004910928773817843,0.003166823855868081,0.00023540745363769596,6.843716069106329e-05,0.0002451536542490003,-0.00012997906157532178,-3.241933851197146e-05,0.00013396107627798118,-0.00018886606844466895,2.690701896095134e-05,0.00019077310994768462,0.0009814955318378621,0.00017290241890675583,-2.2276167756361907e-05,0.00017433150637138675,0.000885796761711475
0.0048399308876224,-0.003339795889454984,0.005512535319540941,0.002815657971859406,0.00025430924517341356,9.295112133433747e-05,0.00027076392510447565,-0.00012785438681377432,-1.45473678657481e-05,0.00012867933066094037,-0.00018473351383665876,1.6859996960198562e-05,0.00018550129549934927,0.0010453735250874328,0.0001901714726426279,-5.9764599286074274e-06,0.0001902653596436935,0.0009171712806513312
0.004849953462422451,0.03960736307804097,0.005880548989672829,0.0024985130613133033,0.0002729732416947802,0.00012175761171535196,0.000298896816128883,-0.00014261917825706587,3.102243514144879e-06,0.00014265291417122115,-0.00018281010460362429,2.1182677752401505e-05,0.00018403325835823845,0.0010755571210221515,0.00018970147267365715,8.207418913835927e-06,0.0001898789363246526,0.000969748719013079
0.004859960406139481,0.08233814208844817,0.005994065997322219,0.0022210766372464693,0.00026705247956222006,0.00014086673137397908,0.00030192791001879693,-0.0001486842496228498,3.3332308139020185e-05,0.00015237469885707569,-0.00017833425204592338,3.0856078940055824e-05,0.00018098398564606174,0.0011075427431549612,0.00017830912346487594,2.5047913117648648e-05,0.00018005982745288203,0.0010096122693498623
0.004869949922529651,0.12464249251426505,0.005914886333701119,0.0019394032724894534,0.00025533900522975786,0.00013450194583168324,0.00028859795741521,-0.00014569164985173827,4.310009943583935e-05,0.00015193312807910178,-0.0001690234528028948,1.4108403089339455e-05,0.0001696112456034201,0.001138801810598136,0.00018177899417032203,1.594181349436324e-05,0.0001824766947833696,0.0010340123587063333
0.0048799851623246345,0.16688212073340677,0.005692732035255805,0.0016350724867892424,0.0002619088045844576,0.00012513139747262876,0.0002902655483386077,-0.00013870888036423635,3.696743121167756e-05,0.00014355049446898517,-0.0001562478701619463,1.2888505181978423e-05,0.00015677853965377506,0.0011954597439823105,0.00019299173444016816,1.6146017227223596e-05,0.00019366595837814706,0.0009588239909184434
0.004889934406036768,0.20863712300897838,0.005293288681017805,0.0012855801848847559,0.0002670458938507777,0.0001255916265431416,0.00029510466970265447,-0.00013087575456724714,3.510009673066132e-05,0.00013550084842556555,-0.00013615674534941624,2.255151906486812e-05,0.0001380117035482096,0.0011681221051433508,0.00019219772987386872,2.6714256397909247e-05,0.00019404540412893534,0.0009703530016267931
0.004899912160993665,0.25038616030763144,0.004703012536949213,0.0008916971245562733,0.0002554875902502341,0.00010123625821565786,0.00027481391658607624,-0.00011434259872247733,3.999022031110138e-05,0.00012113400679883375,-0.00013289348788247623,1.5116835323975143e-06,0.00013290208541882244,0.0011018223928397478,0.00017702649933603923,1.0105276661779866e-05,0.00017731468659866787,0.0009979296123665995
0.004909912296382969,0.29204011841812455,0.0038917000168953286,0.00046760214424386356,0.00023392748049365407,6.899613690013252e-05,0.00024389041194202517,-0.00010072758619037066,3.0197088853164866e-05,0.00010515660129038255,-0.00011784173851197149,-7.141333400478663e-06,0.00011805792636778208,0.0011030599043557617,0.0001664075263143448,1.340404363231155e-05,0.00016694649801585017,0.000995260984829415
0.004919952657889439,0.33289661629924605,0.0028633814766237634,1.6598217507439542e-05,0.00021235523800635725,3.113055955563104e-05,0.00021462492596849818,-8.73776319512843e-05,1.6890568321303422e-05,8.89951788785815e-05,-9.175541686353381e-05,1.4130085135506084e-05,9.28370391047534e-05,0.0010613457737388408,0.00014766374910017328,4.259159009903859e-06,0.00014772516113983617,0.0010227052592418503
0.0049299272153804,0.37178142257295005,0.0016933585013124298,-0.00042808752063243724,0.00020589700229226493,1.1453703700588469e-05,0.0002062153313442088,-8.4046628481996e-05,1.9876773419525382e-05,8.636505011149945e-05,-7.464560415420725e-05,3.8772493835571266e-05,8.411463902184931e-05,0.0010343531385740988,0.00013479525670251393,-9.945676436350044e-06,0.00013516167248622368,0.0010342565160299526
0.004939973115714349,0.40897666229429047,0.0004293941357895784,-0.0008251044198752745,0.00020645954021913156,1.3633890183584955e-05,0.0002069092185211506,-8.805706020581592e-05,3.063422812749563e-05,9.323358721543506e-05,-5.335810633175971e-05,5.7731529505509555e-05,7.861308421857583e-05,0.001088062335483721,0.00012070884727366828,-7.233639056057869e-07,0.00012071101468166734,0.0010213418799405794
0.004949985571060847,0.44405616498362693,-0.0009330659331883469,-0.0011674733391310367,0.0002129880812650033,3.2745966063787525e-05,0.0002154906518956179,-9.359267214008966e-05,3.2480980231480594e-05,9.906867494379921e-05,-3.755715685992469e-05,6.065015367561641e-05,7.133709534510692e-05,0.0011894523144463424,9.737837599905902e-05,9.095536372429963e-06,9.780223358449597e-05,0.0011047454742365895
0.004959954266574387,0.477034394824888,-0.0024152588911627083,-0.0014374598343536516,0.0002098364976956162,2.498274176691675e-05,0.0002113184638202606,-8.561255115964624e-05,2.7108990588252158e-05,8.980203943551053e-05,-3.087142834867403e-05,6.83832474234805e-05,7.502875193196452e-05,0.001264801812373421,9.230710410102206e-05,1.8652538012858287e-05,9.417281264695265e-05,0.0011445640988902383
0.004969996321362849,0.5077462317623953,-0.004039024408813859,-0.0015763096431320631,0.00020533118225612252,2.6461951917561848e-05,0.00020702929576749363,-9.912478122634611e-05,1.391259376026832e-05,0.00010009636615936282,-3.355046944100437e-05,4.6683476338836905e-05,5.748896383472669e-05,0.001287199018796014,8.49450699399105e-05,1.8971852664366547e-05,8.703790036883197e-05,0.0011613877935973383
0.004979992745778636,0.5352628103675663,-0.005743582691956568,-0.0015792920555682286,0.00019927788912262046,1.5552402766843097e-05,0.00019988385208662937,-0.00010036630396501002,1.3699325143762741e-05,0.00010129692236682867,-1.4391070321895239e-05,5.290836977130235e-05,5.483063465679195e-05,0.0013003089494340136,6.970387024106174e-05,3.069038489404041e-05,7.61612056858813e-05,0.001204346085167058
0.004989910372996275,0.5586200282500491,-0.007475992468167892,-0.001518787946677951,0.0001959251140790973,6.1246056363816e-06,0.00019602081808090815,-9.278728424521069e-05,4.095388651657082e-06,9.287762015582464e-05,-1.0854943788445963e-05,5.633219523966798e-05,5.7368510745620666e-05,0.001251115790474462,5.184272336029953e-05,4.391068293647393e-05,6.793979718368381e-05,0.0012028312597303719
0.004999989828124606,0.5772677270648368,-0.00933018733402122,-0.0014532769022980202,0.0002024057183397784,-1.985844173242408e-06,0.00020241545986836605,-8.29616106344448e-05,-2.3937470604934184e-05,8.634599781126692e-05,-6.949412791062056e-07,5.955292372917372e-05,5.955697833230115e-05,0.001200107255018981,3.206924019881994e-05,4.576412930507893e-05,5.588194429313992e-05,0.001264424248119443
0.005009944894077283,0.5894028799852365,-0.011273871304410573,-0.0014361779671421611,0.00018823467151065894,-7.296172515555107e-06,0.00018837602207314607,-8.24921826592202e-05,-3.99913345816875e-05,9.167478956347064e-05,8.320790965267906e-06,4.9996131927620596e-05,5.0683811715494796e-05,0.0012297819906777496,3.293992001947947e-05,5.140201305384944e-05,6.105084173766822e-05,0.0012870645658627036
0.005019922824595333,0.5947468134934932,-0.01320263843677894,-0.0014920135170436908,0.00017091948508349926,-1.9661279439288332e-05,0.000172046610807648,-9.039140372312741e-05,-6.061493419566047e-05,0.00010883370854005508,-4.2595176585974445e-06,3.983723254644038e-05,4.006430565532207e-05,0.0012384174252696146,3.941538399812918e-05,5.1360800078503825e-05,6.474182790456272e-05,0.0012978405546421518
0.005029950527708838,0.5933273045432514,-0.015076505612700035,-0.0016119469249819202,0.000165722256302815,-9.929138523491239e-06,0.0001660194386989505,-9.147319982002371e-05,-7.298541891671446e-05,0.00011702229556696572,-1.5173479783611258e-05,3.468179099006697e-05,3.7855793678410045e-05,0.0013185012748676904,4.3021306037358914e-05,3.8952616437189016e-05,5.803567093144407e-05,0.0012981086052272117
0.005039976457477679,0.5859326301001352,-0.016811626144546434,-0.0017194145617317632,0.0001683459195267658,-1.2808835390090782e-05,0.00016883250541694495,-9.008975588523094e-05,-5.5375372630723116e-05,0.00010574779434792927,-1.9550525310856972e-05,6.563727970951929e-06,2.062293783162612e-05,0.0014138384467682276,5.515013946132685e-05,3.1537789421964084e-05,6.353085899173685e-05,0.0012782913079790376
0.005049998250612578,0.5736548423877946,-0.018081329487866428,-0.001871660137817613,0.0001619709674340916,2.4178336398975014e-06,0.0001619890126244548,-8.444345609560098e-05,-6.200583733724633e-05,0.00010476364417708435,-8.837598612112623e-06,-1.4518705869207535e-05,1.6996939999463912e-05,0.0013667093904899809,5.7393924583724426e-05,2.586181734059502e-05,6.295153830749927e-05,0.0013212329909277711
0.005059991522304214,0.5576116435409663,-0.018745873348144225,-0.00208741080260266,0.00015052238490812636,1.6922213426341787e-05,0.0001514706231111393,-6.880321022538407e-05,-4.8073161492201446e-05,8.393396567048215e-05,-1.4243407083296133e-05,-1.8877902791330415e-06,1.4367964277463933e-05,0.0014254956859819598,5.863547421194141e-05,2.071190652726611e-05,6.218602663021216e-05,0.0013564086126511524
0.005069992967342526,0.5387463417687418,-0.01912308550482663,-0.0022921331838376994,0.00013014862601500986,6.167556986280061e-06,0.0001302946799097105,-5.6716510133468945e-05,-4.1761864920026485e-05,7.043305959078041e-05,-1.384636242368851e-05,5.561417777169815e-06,1.4921498586279918e-05,0.001502737622950365,4.3786900797172325e-05,5.668187752339733e-06,4.4152248343852034e-05,0.0014297186062130584
0.005079932539354548,0.5180277892006452,-0.0192645189747705,-0.002420415331533368,0.00011220667055885725,5.41859547316093e-06,0.0001123374296252397,-5.518634735303743e-05,-5.006559943845485e-05,7.451239615863867e-05,-1.9070008387516344e-05,-2.490074716605747e-05,3.136419023867606e-05,0.0014941471481020557,1.801211308831337e-05,-9.293421677734892e-06,2.0268298014050974e-05,0.0014227163988788619
0.005089968797413039,0.4956929973400784,-0.01902505766355359,-0.0023913838781312482,0.00010608054737031589,8.313389172774803e-06,0.00010640580327183213,-5.039515171023157e-05,-5.34395697069903e-05,7.345378769243647e-05,-7.693209626812488e-06,-2.2227043085609417e-05,2.352077631991805e-05,0.001443471289761716,1.5042605536026247e-05,-7.149503812445779e-06,1.6655190964881314e-05,0.0014200850732323449
0.00509997393006848,0.4716146377849875,-0.01833496871365444,-0.0021748136743614294,9.980730203159368e-05,1.5055935064644614e-05,0.00010093650835796015,-4.061362210121874e-05,-5.045243753669328e-05,6.476816157321852e-05,8.731774635088267e-06,-2.3108701689408888e-05,2.4703359731989087e-05,0.0013955017021326376,-3.772313990855573e-07,-2.2993850893897334e-06,2.330123455476958e-06,0.0014059897857686778
0.005109924458012398,0.4458705200456042,-0.017263621069572046,-0.0018445809785647151,9.59774139186343e-05,1.8753946638692325e-05,9.779250736654509e-05,-3.898098033541016e-05,-4.17428584497141e-05,5.711377294018056e-05,9.755158701723703e-06,-4.4039249677348874e-05,4.5106747094416914e-05,0.0013260648738896825,-9.097481975854175e-06,8.651282464676883e-06,1.2554236997309605e-05,0.0013963293370258469
0.005119957649783202,0.41873535051089095,-0.016145390090295034,-0.001467427593896329,9.220713535220424e-05,2.456673758613523e-05,9.542368891153676e-05,-4.023670154032575e-05,-4.045590139953498e-05,5.705849725408258e-05,1.0270301126860207e-05,-4.0765234396763135e-05,4.20390701688254e-05,0.0013139515116665896,-1.6823416969527958e-05,1.1113434902448315e-06,1.686008430832749e-05,0.001343689462545173
0.00512997841387228,0.3909192050974265,-0.015149678858122732,-0.0010099169827948672,8.339479308862958e-05,6.228196839974506e-06,8.36270407833065e-05,-2.7832264140313558e-05,-2.701192413335166e-05,3.878503542040577e-05,1.7280768285905337e-05,-2.475624371251691e-05,3.0191001230576716e-05,0.0012841017389813628,-2.4416350639563007e-05,-1.6073932349349294e-06,2.446920292052447e-05,0.0012402950128510017
0.0051399270957221185,0.3626403211522209,-0.014186056551530194,-0.0005312647834236068,7.041107526260543e-05,4.392221352250666e-06,7.05479349665421e-05,-1.6964023407374084e-05,-3.4442391918449096e-05,3.8393442815537964e-05,1.7850813375385372e-05,-9.427556335140782e-06,2.018738112324356e-05,0.001323152505461353,-1.3415819260046794e-05,4.741567091809402e-06,1.4229078146681616e-05,0.0012556278983136136
0.005149960929375548,0.333344764784597,-0.01318244596219704,-4.2258788310530223e-05,6.025062644608378e-05,1.1815765178120785e-05,6.139829227177269e-05,-1.3658032760899622e-05,-3.319940884190925e-05,3.589906135750696e-05,5.259282660637077e-06,2.260958263924635e-06,5.724682207396924e-06,0.0014157406934375582,-6.026843835962858e-06,1.501578579540807e-05,1.618013194249856e-05,0.001350270115287704
0.005159992276789586,0.3030953477238005,-0.012164961515341419,0.0004534058539645444,5.673297635853036e-05,1.1292898039955677e-06,5.674421470034609e-05,-9.513859389297195e-06,-2.8980651626916275e-05,3.0502322685330103e-05,-1.6159044088256506e-05,5.629217296532036e-06,1.7111481327395153e-05,0.0014296430892093482,3.099267289326709e-07,1.5492323840054565e-05,1.5495423599967504e-05,0.0014584381950339463
0.005169916244608909,0.2717700450773775,-0.011212276645934785,0.000951936143178481,4.703892199498698e-05,-3.052922533613147e-06,4.713788835370877e-05,-1.1641502572789977e-05,-3.482293218638435e-05,3.671731455607557e-05,-2.1830762903393697e-05,1.5989329627920315e-05,2.7059949573021765e-05,0.0014389994001155295,2.249831358291469e-06,1.5629978249705703e-05,1.5791072200044715e-05,0.001436921748792622
0.005179957565851426,0.23806391452341946,-0.010388804045747433,0.0014860104880600735,1.4494582220545092e-05,-1.6191607640357296e-05,2.173156855193427e-05,-1.2555681308644082e-05,-4.91736711675873e-05,5.0751306083905274e-05,-1.659488510235979e-05,3.272340044886821e-05,3.6690750176270735e-05,0.0014170841799607003,9.868629806087288e-06,4.645780516074304e-06,1.090748049978225e-05,0.0015010170882670593
0.005189934467174066,0.20219678699590649,-0.009639161922909785,0.002056438059570459,-1.2776487480655602e-05,-4.9376460125787375e-05,5.1002680781472845e-05,7.086167713456736e-07,-5.449409749415728e-05,5.4498704566543155e-05,-1.6844357869793176e-05,3.851604705308545e-05,4.2038295310837185e-05,0.0014907121898825233,2.9873270537185414e-05,-1.6082521824672316e-05,3.392727222794269e-05,0.001469091490903083
0.005199924140091511,0.16368670417371667,-0.008749581758315928,0.0026504368993195138,-4.580921117295538e-05,-7.918932439879947e-05,9.148460486347808e-05,3.1582200453396554e-06,-6.901924048198938e-05,6.909146047497815e-05,-2.3232837728978662e-05,2.1017910852040533e-05,3.132917690469026e-05,0.0015106497339977243,4.23189022020302e-05,-3.741103429233978e-05,5.648428958929748e-05,0.0013963106441020148
0.00520992989008597,0.12312101838732664,-0.007662222957733816,0.0032193739945970525,-6.898382900241912e-05,-8.64593226635395e-05,0.00011060733763757737,9.064898015091576e-06,-7.137370779140686e-05,7.19470537264532e-05,-1.470551173273447e-05,1.539020541161418e-05,2.1286392318410125e-05,0.0015026388907982435,3.163403229184449e-05,-4.954672890583564e-05,5.8784269531140975e-05,0.0014750865652137543
0.005219967545234522,0.08093740021248443,-0.006504977069684396,0.0037407771228842143,-8.31549233592287e-05,-9.743242553865288e-05,0.00012809300849470412,6.0391271142199755e-06,-8.208430802713494e-05,8.230616429281147e-05,-3.723938076171292e-06,5.38635486211507e-06,6.548322952923825e-06,0.0014551114920299461,1.81464114808035e-05,-4.113912526892247e-05,4.496353942387912e-05,0.001486628644084703
0.005229983324760798,0.037495106740171154,-0.005419404852505272,0.004150386027771345,-8.096059015538217e-05,-9.098709013824424e-05,0.00012179190338496541,1.678087318370729e-05,-7.612785701154554e-05,7.795542519913538e-05,-7.308665345979552e-07,-1.3487602513833076e-05,1.350739010551452e-05,0.001481475697711654,1.637032805254605e-05,-3.4529683391372924e-05,3.8213697487372656e-05,0.001448564180531867
0.005239996154702305,-0.007140556947395965,-0.004348503135878912,0.004351586747670183,-9.182840212438583e-05,-9.368345419220275e-05,0.00013118324979242,3.142386343358162e-05,-6.707027206689956e-05,7.406673064352385e-05,-1.2890990417287658e-05,-2.5685546363712748e-05,2.87389096164249e-05,0.00146698469952544,1.0327707214766168e-05,-4.0954955822110426e-05,4.2237068348844355e-05,0.0013924895136867917
0.00524992233447166,-0.05227621336580753,-0.0032661794243140363,0.004278556520300484,-8.520274166509386e-05,-8.424166994529222e-05,0.00011981721972412927,4.210535234528334e-05,-5.610360796563222e-05,7.014610126644109e-05,-3.622534746639909e-07,-5.0501473195876176e-05,5.050277242423139e-05,0.0014780945851657905,-4.8828585901194065e-06,-4.5974325518728655e-05,4.6232898621145615e-05,0.0014521541468296762
0.005259936029047533,-0.09817648160521615,-0.0021966312792382698,0.0038509004921054683,-7.95984248849876e-05,-7.203232120783047e-05,0.00010735252462219544,5.9273771986119005e-05,-2.7479941495472295e-05,6.533396689362284e-05,1.48453979236333e-05,-6.366463746045338e-05,6.537256230623042e-05,0.0014257359480017028,-2.2025689688473514e-05,-4.909133826900659e-05,5.380604519284947e-05,0.0015222041579032535
0.005269935622512858,-0.14369034704432626,-0.001171038576257721,0.003023901901798727,-6.844543996916384e-05,-4.775810581193512e-05,8.346025954498585e-05,6.134560775744721e-05,-2.0665675456494623e-05,6.473294163873392e-05,1.4120000900718724e-05,-5.0955556953593036e-05,5.2875733658145694e-05,0.001473268909625462,-2.6296551514509714e-05,-3.848965193769714e-05,4.6615039717245084e-05,0.0015664556475868609
0.005279995732845253,-0.1886268279411907,-0.0002037977298383253,0.001869812313489019,-6.327834268846219e-05,-1.047562849373403e-05,6.413959343289594e-05,5.22630159396748e-05,-1.8916848252253445e-05,5.558120170443858e-05,3.1496103660132633e-06,-4.224022791617779e-05,4.23574893008113e-05,0.0014656498965576943,-2.3023510048003625e-05,-4.8983627855581384e-05,5.412465069471222e-05,0.001521201242400128
0.005289953352829132,-0.23175570759582997,0.0006800927336019085,0.0005559283443224142,-6.628767658568326e-05,4.685755283224196e-06,6.645308397435294e-05,4.903127918515302e-05,-2.522409041057239e-05,5.5139106590269944e-05,-4.74445795711903e-06,-4.874053676185464e-05,4.8970907742664666e-05,0.0013954369078036434,-7.843635574571647e-06,-6.268414975801599e-05,6.317297879562165e-05,0.001460008044883923
0.005299950756724726,-0.27315206507024037,0.0014543621133444975,-0.0007837336190154365,-6.758157922596986e-05,1.6199256540599028e-05,6.949594062349383e-05,4.245531770345973e-05,-2.3937748222133365e-05,4.873879144221726e-05,-1.2759390882391419e-05,-1.9709140117075583e-05,2.3478761889081194e-05,0.0013958958193507928,1.6947566818842814e-05,-6.452558223853733e-05,6.671409734307574e-05,0.001295997051644853
0.005309988630281945,-0.312409084809391,0.0020932889098130188,-0.0020220588052790394,-7.197512660574602e-05,4.554780635476974e-05,8.517641406894734e-05,3.601091929091114e-05,-1.3316674425574357e-05,3.8394272045882856e-05,-1.687767996278594e-05,-1.2564847694666806e-05,2.1041185292573223e-05,0.0014032210287753615,3.96669378094891e-05,-6.091269278696602e-05,7.268990368504541e-05,0.0013143971317568716
0.005319932120904197,-0.34813055167968654,0.002555134288016013,-0.0030671484340913015,-7.869038217817427e-05,6.783142995037536e-05,0.00010389070765212742,3.9347493454426966e-05,1.1160633476190157e-05,4.08996941398836e-05,-2.333100933217952e-05,-3.284031062680451e-05,4.028426489987445e-05,0.0014249816934484533,4.864929987508371e-05,-5.9658875741686474e-05,7.698010024089216e-05,0.0013573983433185235
0.005329921110000552,-0.3796189811812467,0.0029068285461633803,-0.003999257117286169,-8.290234857802293e-05,8.643325127936809e-05,0.00011976437837050883,4.537303618152048e-05,1.6434901171104735e-05,4.825783240919081e-05,-1.312129841271048e-05,-4.192791309724284e-05,4.393311244067903e-05,0.0014922580460987327,5.182049708929113e-05,-5.739014575109374e-05,7.73239467947221e-05,0.0013127670702611153
0.005339977678087957,-0.40558734417131986,0.0032251512822117066,-0.004867090759328353,-8.02013695761568e-05,0.00011261122422283622,0.00013825175406792197,5.084275077329439e-05,4.65727617444816e-05,6.894931067605807e-05,2.4028831304224546e-06,-4.6889556876021734e-05,4.695108509255293e-05,0.001490536061058457,6.409526343738314e-05,-5.3270234329873664e-05,8.334219016000957e-05,0.0012800337139064959
0.005349950290723728,-0.42516852010164624,0.0034972144042647035,-0.0057107475058902875,-7.909909851462832e-05,0.00011291270995190248,0.0001378620595178722,5.3435944035790627e-05,5.2377912880026654e-05,7.482543600049258e-05,1.2094764081995354e-05,-3.7112431515361054e-05,3.9033522659138636e-05,0.0014158514232197011,6.13553578363198e-05,-5.810591438806753e-05,8.450311959978923e-05,0.0012075177609737592
0.005359922885445993,-0.43922070453758477,0.003583565099969186,-0.006565651566251185,-6.490125923718166e-05,0.00011833355489232121,0.0001349629714552323,3.821187775035744e-05,3.238850177033357e-05,5.009154268072768e-05,9.369496291699678e-06,-2.4196684459243467e-05,2.594738907058605e-05,0.0014630623326430657,4.3342227596047944e-05,-4.01370361431366e-05,5.907224698065136e-05,0.0013672659681452566
0.005369932044929237,-0.44862731069853184,0.003385584471835655,-0.007488787488163121,-5.87653384078418e-05,0.00010785525460757967,0.00012282557121647756,3.9256631727206236e-05,1.3414486628698364e-05,4.148531771695888e-05,-3.0717573582879815e-06,-1.0525064631167961e-05,1.0964154265535446e-05,0.00153362758628049,2.9366645782623787e-05,-2.7513755457984183e-05,4.024185164631282e-05,0.0014284250079561575
0.005379982071020151,-0.4540456384094405,0.0028667591671420025,-0.00853038488274302,-7.716904805447206e-05,9.391365681705652e-05,0.00012155178696500223,3.762137780789071e-05,6.103673333675718e-06,3.811329028473238e-05,-7.441384194755337e-06,1.893399239165321e-05,2.034380167572266e-05,0.001496139549887901,1.3194247029184314e-05,-3.497806721677304e-05,3.738386471311162e-05,0.0013853534200757175
0.005389930430628704,-0.45562735255354203,0.002127183523246633,-0.009615807165372376,-9.23343479030201e-05,8.551889999362115e-05,0.00012585354209872256,3.2214437458410235e-05,3.899894600878835e-06,3.2449640347156214e-05,-1.2079813976204982e-05,4.025768794457194e-05,4.2030980768264856e-05,0.0014852729782702874,7.789808862723272e-06,-2.6104262993533844e-05,2.724176331578671e-05,0.0013842387028638009
0.005399915953963886,-0.45352374540353213,0.001572972537437943,-0.010711994574927036,-0.00010200377949256796,7.506621644474334e-05,0.0001266479683299242,3.801689393249713e-05,-8.41978448657942e-06,3.89381175081074e-05,-2.064029270742081e-05,4.950914505205419e-05,5.363932444422982e-05,0.0015056812067022565,-6.00998409448078e-06,-2.6846439825393615e-05,2.7510929466566415e-05,0.0014960479882720908
0.00540995240897122,-0.4485484939502693,0.0013173135928144836,-0.011756101772390866,-0.00010930817216859949,6.896412487148059e-05,0.00012924522050013825,4.5833916316366e-05,-5.616262850414334e-06,4.6176728915121146e-05,-2.7011352516197185e-05,7.599414592317329e-05,8.065186531845887e-05,0.0015084566474810207,-4.568054043072034e-07,-4.4047107183346434e-05,4.404947584703606e-05,0.001429181816689986
0.005419997426825978,-0.44161820374667654,0.0012334173545107381,-0.012690045279544772,-0.00012065611108723426,5.030319465426541e-05,0.00013072225722928721,5.9857639557325034e-05,8.22310624151328e-06,6.0419835233421954e-05,-2.7125322054522467e-05,7.186213920067651e-05,7.681113296299548e-05,0.0014785755780932675,1.2691358901216939e-05,-2.6262378012299245e-05,2.916818625866883e-05,0.0012123103669181615
0.005429927408806169,-0.4333239961564584,0.001170926830813472,-0.013521104837613976,-0.0001333390146405042,3.927844255218115e-05,0.00013900391676001646,7.510573222672696e-05,1.204752259904637e-05,7.606585182647562e-05,-1.8010202553811935e-05,6.020469510249312e-05,6.284085222539151e-05,0.0015649304148491398,7.276302501779223e-06,-3.337867677124097e-05,3.416256198086408e-05,0.001152027818517126
0.0054399488331419105,-0.4232428894726972,0.0009353987847789194,-0.014303414910617379,-0.00013621091647763196,3.222176436009999e-05,0.00013997019634963095,9.382923620995624e-05,3.189516759824182e-05,9.910210534526348e-05,-9.743282009395023e-06,5.350833779037679e-05,5.4388176632459976e-05,0.0015663342579976358,1.1590313028368252e-06,-3.373881559670601e-05,3.375871785819906e-05,0.0012184454634791334
0.0054499588509747746,-0.4106873565537753,0.00046336420463504547,-0.015054202267534168,-0.0001404320141258535,3.7540381742019685e-05,0.00014536310003842267,9.379666477391923e-05,5.136054688664238e-05,0.00010693792638351452,-4.52239542830755e-06,4.8909160160813426e-05,4.9117797263782876e-05,0.001427601476252194,-2.3716039690355184e-06,-2.313894919030482e-05,2.326016928178841e-05,0.0012148949540037117
0.005459934600269969,-0.39539517543363645,-0.000156077432376367,-0.01578729458385456,-0.00014805515695748934,2.3368445309767224e-05,0.0001498880039826483,9.738300237075283e-05,5.890690593373452e-05,0.00011381332398901237,1.6811401565102377e-05,4.676375669131372e-05,4.969378394193297e-05,0.0013535277523819768,-1.1071282314747966e-05,-3.745593179350735e-05,3.905790724824777e-05,0.0011072055131903943
0.005469983054246704,-0.3776351416744419,-0.0009256138179081888,-0.01652128673573626,-0.00015100700869085477,6.352928109421154e-06,0.00015114058478556765,0.0001071645458406525,6.997273870716895e-05,0.0001279860306729412,3.123494885998631e-05,5.851705825035567e-05,6.633150184159469e-05,0.0013615628048012384,-2.931268879372238e-05,-5.0626261689003725e-05,5.850001792239985e-05,0.0011114637678465958
0.005479992107511032,-0.35769151609706445,-0.0018070881855598061,-0.01729977905032124,-0.00013705667720852925,-1.2927414050321691e-05,0.00013766499482973673,0.00010057028787757195,7.487150480139708e-05,0.00012537992277475418,2.93608039280376e-05,8.306569961420944e-05,8.810202755725172e-05,0.0014026078123576175,-3.574145845762905e-05,-4.735558637722811e-05,5.9329616666632316e-05,0.0011318428836264737
0.005489915044825474,-0.3364617416505172,-0.0028001417142726483,-0.01809793377844481,-0.00012961079800729138,-1.0200672253702026e-05,0.00013001158669331874,8.273017328090529e-05,6.78929946543729e-05,0.00010702214861526245,2.208403324925103e-05,9.00504267984611e-05,9.271884323663139e-05,0.0013639183668024937,-2.587915113054044e-05,-3.65355980729318e-05,4.477254057772654e-05,0.0012272897307960564
0.0054999398060892575,-0.31407043110445865,-0.003968221394803832,-0.018876051443613494,-0.0001169175132191033,3.045981046352228e-06,0.00011695718403703953,6.944937736459364e-05,7.561747336858399e-05,0.00010267043535009598,2.4296229518464458e-05,8.486437074170176e-05,8.82738250570287e-05,0.0012438986109164526,-1.9990848958760984e-05,-1.7900604208032468e-05,2.6834039448145425e-05,0.001288568901093114
0.0055099406078399004,-0.2911546084324245,-0.0052368842508264506,-0.01960444275876867,-0.00011129053349734526,2.2781469353016144e-06,0.00011131384819321695,6.530120780961308e-05,7.647846226318347e-05,0.00010056442179784782,1.9308827985616005e-05,9.337488807782817e-05,9.53504093421997e-05,0.0012639517310200697,-1.4301628346606587e-05,-9.829963760248433e-06,1.735409925326747e-05,0.001254006015356445
0.005519962846042148,-0.2682021218559172,-0.006577388800861179,-0.020257081279293515,-9.536001134717456e-05,2.1494893544248244e-05,9.775255604132214e-05,4.978462585792645e-05,7.385499297663257e-05,8.906777733497207e-05,9.287528191454415e-06,8.812002084332915e-05,8.860810489642483e-05,0.0013308560624771281,-3.9381364659081075e-06,1.0469202937753247e-05,1.1185398024924122e-05,0.0011442607094479923
0.005529956365017607,-0.24526236581124758,-0.007935085873631858,-0.02085073753584896,-8.796072859068062e-05,3.9504359238058774e-05,9.642449985876504e-05,4.179367413856879e-05,8.494651027436787e-05,9.467111917472064e-05,1.8032241334946242e-05,6.647502918994419e-05,6.887736372252989e-05,0.0013481061998958303,-1.3138396090739413e-06,1.0598231825644667e-05,1.0679358236733098e-05,0.0012378199824894013
0.00553994993223088,-0.22149606001152267,-0.009286895430619602,-0.02143666364907707,-9.984174910746078e-05,5.05082406327208e-05,0.00011189038044733771,4.209493112126159e-05,9.158479346493725e-05,0.00010079562302063999,1.8642079470921243e-05,6.386925348984712e-05,6.653426687317214e-05,0.0013104792641050592,3.800705102478356e-06,7.561980138664758e-06,8.46338601822966e-06,0.0012768014505404961
0.005549941792256843,-0.19593880011461565,-0.010601822756030258,-0.021987199458688187,-0.00010337191448844558,7.139202272798457e-05,0.00012562871333496802,4.840291637086972e-05,8.649973485752737e-05,9.91213722848304e-05,2.590812697749467e-05,6.162760459650356e-05,6.685202085041988e-05,0.0012668648404013673,7.769912343920382e-06,1.9315939585196666e-08,7.769936353518501e-06,0.0011744974762786828
0.005559926319748035,-0.1681496947980741,-0.011854475147693645,-0.02243395218871243,-7.202519222119846e-05,7.719073935357296e-05,0.00010557480076444296,4.67996676868105e-05,6.857540384187998e-05,8.302285774214727e-05,3.71837164164307e-05,5.5491857676418305e-05,6.679801669898144e-05,0.001223473507815711,-4.108179730299052e-06,-8.640710407265375e-06,9.567602470768952e-06,0.0011452546875652752
0.0055699993223433854,-0.13783037179992996,-0.013073146632596875,-0.02273919408008335,-6.838848901343734e-05,6.767980687691489e-05,9.621611969123228e-05,5.363349873173861e-05,5.0606333502395984e-05,7.373976659010478e-05,4.18394047325447e-05,2.9515554875447725e-05,5.12025757943802e-05,0.0011314988323244258,-1.9655998048143107e-05,-7.653055598800523e-06,2.1093305081635206e-05,0.0012183591020191154
0.0055799367227345985,-0.1053297825449663,-0.01426545320682078,-0.02292990451791455,-7.838274025589965e-05,7.870948409007064e-05,0.00011108121738506881,5.3530169883673085e-05,3.347484337185937e-05,6.31351267247118e-05,3.096637354648296e-05,-1.579323110753083e-05,3.476122033870789e-05,0.0012487349359798952,-2.549662883022432e-05,-6.5936411269035395e-06,2.6335416932652117e-05,0.0011334631145455336
0.005589923606788196,-0.06932716256496758,-0.015425308422713785,-0.023063820223653563,-8.477806171882166e-05,8.567272858777165e-05,0.00012052856994287421,5.325028505796022e-05,2.4818953318747767e-05,5.875009193688298e-05,3.055823239947695e-05,-2.9574856777694424e-05,4.2526200404004825e-05,0.001289897424190585,-4.443297992001161e-05,-3.0899231335524227e-05,5.412071878401466e-05,0.001075523596258288
0.005599997659012918,-0.02910781362602085,-0.016515285935329926,-0.023105480972576527,-9.595220134624074e-05,8.178796439932747e-05,0.00012607972106478972,4.9991441206127286e-05,1.578890936576568e-05,5.2425507654442836e-05,3.1017204641648846e-05,-3.5319127636790506e-05,4.700540140032655e-05,0.001260717553700301,-7.415110636215434e-05,-3.814994048590234e-05,8.338947495823089e-05,0.0011294473495518371
0.005609979846263005,0.014614950212899018,-0.01755947333163457,-0.023015803768660133,-0.00010110421633616803,8.153212182901833e-05,0.0001298828297000514,4.5812910194403464e-05,1.616587649433576e-05,4.858146048968263e-05,4.1323584397313463e-05,-1.4645559674984562e-05,4.384211497675976e-05,0.001155981778641004,-9.618541572923577e-05,-4.1066164286070265e-05,0.00010458519994806355,0.001239638548943172
0.00561997684948334,0.0625270176647216,-0.018608624956203697,-0.022762697425997642,-9.693280537158289e-05,7.641489383911064e-05,0.0001234309716304936,4.066263218693205e-05,2.640547273458756e-05,4.84840040292339e-05,4.947569179957432e-05,-1.6147010680353194e-05,5.204392407340079e-05,0.0010805700206241724,-9.713246618726866e-05,-2.4635557037039434e-05,0.00010020791714303872,0.0012738989911142023
0.005629917804818383,0.1141183318840855,-0.01964976023804983,-0.02235738894713761,-8.54648791361436e-05,8.34366093354118e-05,0.00011943999892475619,2.549783073159395e-05,3.461129261231276e-05,4.298931202417821e-05,4.428198490434483e-05,-1.7436418089952948e-05,4.7591205730431564e-05,0.0011399789004940633,-8.943477888632052e-05,-1.572340514733368e-05,9.080641576382278e-05,0.0012251848379821848
0.005639987215473223,0.17008916509087155,-0.02069693733860068,-0.021832653594226484,-8.177513617376548e-05,8.919291316665455e-05,0.00012100639923323173,8.0372315551221e-06,1.6458255301469968e-05,1.8315874498341996e-05,4.973858235624712e-05,-1.0718949289848519e-05,5.088047217437669e-05,0.0012698867290263315,-7.81444618198975e-05,-1.5821497406931036e-05,7.973002378852613e-05,0.0011254661456004639
0.005649922620070556,0.2285207241511623,-0.02171376536919561,-0.021175970553460106,-6.334884879241349e-05,7.98126296405376e-05,0.0001018976569576636,-9.525362723553261e-07,-1.264672131061009e-05,1.2682542539191105e-05,5.5156833717692294e-05,-2.3067344171145147e-05,5.978610769126237e-05,0.0012735914689062373,-6.680702956210436e-05,-1.3544018798291423e-05,6.816611800682475e-05,0.0011318180977562624
0.005659941866124589,0.28977306641913037,-0.022719086346301702,-0.020371955975167916,-4.8042519537690957e-05,6.189068052486569e-05,7.834883546907641e-05,-2.6917490371976965e-06,-3.2573059843975425e-05,3.2684090020657745e-05,6.0715625196010316e-05,-3.099187203903664e-05,6.816805172092293e-05,0.001245323706271039,-4.411212291162841e-05,4.671445209160046e-06,4.4358784790758154e-05,0.0010307360647240113
0.005669980815420188,0.3526096166890251,-0.023680673003171886,-0.01944114082426836,-4.550229617943406e-05,4.147976104032006e-05,6.157133694799061e-05,-9.25905668794488e-06,-5.487497308955757e-05,5.565063164358734e-05,5.739590618179524e-05,-1.1176917747130196e-05,5.847404156337712e-05,0.0012734863456794082,-3.2372860616443806e-05,8.69731358015139e-07,3.238454163836217e-05,0.0009753942981234596
0.0056799894199280115,0.4155396756187769,-0.02456284634464027,-0.018348678395520342,-4.1145035741547986e-05,2.6318015362198995e-05,4.884211194019156e-05,-1.1965460422974986e-05,-6.98875823350061e-05,7.090448792400969e-05,5.480318683315546e-05,7.609958690639e-06,5.532902274885194e-05,0.0012846859728641211,-2.844001414456417e-05,5.958896856388995e-06,2.9057578293589654e-05,0.0011170508274733339
0.005689949831025863,0.47726975882250655,-0.025357705092555194,-0.017061299002442038,-2.952353503193547e-05,-4.01516039290516e-06,2.9795312278321154e-05,-1.730533652627257e-05,-8.453147310488279e-05,8.628467197346853e-05,5.6184151335698004e-05,9.143022373580586e-07,5.6191590206131856e-05,0.0012670160703462468,-2.271917173022562e-05,1.733939351824668e-05,2.857998131014256e-05,0.0012424829682257297
0.0056999597423187534,0.5372660633662116,-0.026079743797690225,-0.01570215115032647,-2.858325795505618e-05,-2.3616722382946808e-05,3.707765110465418e-05,-2.3907084700024867e-05,-9.100841305889283e-05,9.409612078269868e-05,3.786641455458678e-05,2.766098639594937e-06,3.796731031958664e-05,0.0012319073037108121,-2.2973596057090927e-05,3.357831410886115e-05,4.0685246640369865e-05,0.0012532655167423498
0.00570993265189657,0.5939584781887801,-0.026736758067897708,-0.014438440242294967,-3.45550322208921e-05,-3.553487604991645e-05,4.956589218071049e-05,-3.0344404500383133e-05,-0.00010681479458191644,0.00011104135817820259,1.6211424809590053e-05,1.1005069211040604e-05,1.9593923616692646e-05,0.0013458343114295074,-1.8698521788142648e-05,5.431191787416147e-05,5.7440570507536794e-05,0.001356871420749885
0.0057199731076332085,0.6471061364138296,-0.027343237600687232,-0.013275986007234489,-4.1575631721329186e-05,-5.3669691655368955e-05,6.788938764939609e-05,-2.4025959819859444e-05,-0.00012790973783463602,0.00013014663951939296,9.192869051965573e-06,2.2670341935409025e-05,2.4463304046570476e-05,0.0014252778184432676,-2.4777165358314904e-05,7.02281034153045e-05,7.447076226616714e-05,0.0013905360661522251
0.005729986159079065,0.6953728007148703,-0.027902991772037457,-0.0122109506233808,-2.8058885928533735e-05,-7.439395554752814e-05,7.950950698852346e-05,-3.473298397207048e-06,-0.00012682519890246338,0.00012687275073239895,7.160863045618341e-06,3.279607936432009e-05,3.356874709054367e-05,0.0014090106873003504,-3.3420303181539805e-05,6.817710932931751e-05,7.59278269229915e-05,0.001305662057115535
0.005739979822075205,0.7382994155253595,-0.028448448442653016,-0.011240958443051868,-2.155375257843154e-05,-7.475115349273898e-05,7.779652433564925e-05,6.606125686255387e-06,-0.00011326903756094714,0.00011346151667665058,-6.225590919460104e-07,3.242562926439959e-05,3.243160515631707e-05,0.0014813056591473496,-2.275699854835065e-05,5.6440365367217473e-05,6.085553241665572e-05,0.0012886066386799022
0.0057499882563363395,0.7762254394891103,-0.028992078551346643,-0.010339021537844481,-1.3856438568766397e-05,-8.589383256552169e-05,8.700431806872503e-05,2.3417008848617988e-05,-9.952886599371524e-05,0.00010224652301868841,-3.1237422970143795e-06,4.2216069841153264e-05,4.23314814147968e-05,0.0014621263209010295,-6.927677837811896e-06,5.516738709734357e-05,5.5600659342966966e-05,0.001274739184191465
0.005759971067453863,0.8093142442674095,-0.029532822586829648,-0.009544087013448072,-1.8068203470024673e-05,-9.606327285006397e-05,9.774769750382896e-05,4.052724235673131e-05,-8.813320739345433e-05,9.700474018571912e-05,-2.238914271968743e-05,1.7807881183056557e-05,2.8607592417964717e-05,0.001378198999836646,2.1015593370648142e-06,3.890597651240559e-05,3.896269446574582e-05,0.0012117095437460556
0.005769914705944676,0.8383830188368555,-0.030068187294168245,-0.008881055110452656,-9.233481377330776e-06,-8.979610030668638e-05,9.02695785336012e-05,5.6582885970507795e-05,-8.346899549811449e-05,0.00010083995336282015,-3.007066812634925e-05,-6.26462650316658e-06,3.071629253001107e-05,0.0013255801597251396,1.82712677706758e-05,3.173024043226219e-05,3.6614851957052925e-05,0.0012240297669530507
0.005779915093104964,0.8644108448053849,-0.030618638974590714,-0.00834978582221775,-1.1753269141565135e-05,-9.386834475124298e-05,9.46012974638946e-05,6.065978608962462e-05,-8.421446663136621e-05,0.00010378673344143996,-3.075898382987561e-05,-1.7278522747612903e-05,3.527977373207382e-05,0.0012674380277474463,2.1579264085945977e-05,2.4730707004533404e-05,3.282182973929204e-05,0.0012388817907143614
0.005789954024491221,0.887468225749689,-0.031198756573949566,-0.008006186947916747,-9.35060832528119e-06,-9.674399182818336e-05,9.719482409523887e-05,6.853450449527702e-05,-9.176660737874867e-05,0.00011453422430094228,-4.050947117299845e-05,-1.9436762991254438e-05,4.493111405578756e-05,0.00125074022431565,2.8674814942324564e-05,3.683461090940881e-05,4.6680119674483465e-05,0.0012572380546722653
0.0057999718380413465,0.9072834432424206,-0.031818264712456704,-0.007890610778215155,-2.2346320751294793e-06,-9.104688134741167e-05,9.107430034648006e-05,9.244129913422256e-05,-8.700507621128191e-05,0.0001269459612282084,-4.3589673167377295e-05,-1.1862002633672019e-05,4.517484602430886e-05,0.0012303584006042932,3.9016312885319095e-05,3.7645239594633165e-05,5.4216572515260064e-05,0.001267705635998239
0.005809948238187934,0.9239927856338361,-0.032483243163754574,-0.007990413470119539,-3.1743706368362115e-06,-7.444607547489653e-05,7.451372210911222e-05,8.87905296070874e-05,-6.489761703166005e-05,0.00010997935644608527,-3.816561646756515e-05,-6.994577986589925e-07,3.817202537934535e-05,0.001274913743325647,3.481052920873695e-05,2.036730173719141e-05,4.0331128472262326e-05,0.0013163978207627017
0.005819966433161139,0.9382952641392511,-0.033194942633457895,-0.00827358024401153,6.242792068037947e-07,-6.295739792405291e-05,6.296049299279342e-05,5.4286043547723765e-05,-7.262985183696605e-05,9.067563014352313e-05,-2.8788384517708377e-05,-1.1420477202523242e-05,3.0970928024080654e-05,0.0013166888295240574,3.2084636118901816e-05,2.0195098367240134e-05,3.791128951835909e-05,0.001314156663011818
0.005829963475515406,0.9507771440805998,-0.03392989330776685,-0.00876937594004451,-8.37805012049355e-06,-3.104775208729983e-05,3.215827472822404e-05,3.344449449999964e-05,-6.482385777011546e-05,7.29429006042443e-05,-2.7233219429370163e-05,-1.8974216712290005e-05,3.319140160242062e-05,0.0013588795471109754,2.430282517354998e-05,4.096967818680344e-06,2.464573911903307e-05,0.001319966129604801
0.005839957829216385,0.9620540464448202,-0.034681173738355414,-0.009463533605049684,-1.3789006440478521e-06,-1.2199310539440353e-05,1.2276992490991272e-05,2.79355652875817e-05,-7.579588612568352e-05,8.078002328245718e-05,-3.134874289853947e-05,-2.5173882295464523e-05,4.020532341798324e-05,0.0013212389392893652,2.0900541942837913e-05,4.452947211237129e-06,2.136963716047587e-05,0.001336671063270354
0.005849923008973904,0.9723621736477303,-0.03545128021981684,-0.010318813486040178,-4.947154623115464e-07,-1.941370579009791e-05,1.9420008133189113e-05,1.5671129983305023e-05,-8.113926182811107e-05,8.263875679706468e-05,-3.753634766553253e-05,-1.3109308329631417e-05,3.975967003068653e-05,0.0012820320668916504,3.0376300968602368e-05,7.369378686042269e-06,3.125743755897798e-05,0.0013105783152046993
0.0058599676883578,0.981601491848017,-0.036219531077579706,-0.011345573475481084,-9.418865109575309e-06,-4.176410725674591e-05,4.28130316014336e-05,6.164448515137699e-06,-0.00010424026915291395,0.00010442238332162184,-3.835936834827997e-05,1.3732537191668572e-06,3.8383941510171e-05,0.0012648374604653872,4.8443554224073905e-05,1.0330891331959117e-05,4.953287051618891e-05,0.0012600876991750273
0.005869950859385353,0.9894198861157896,-0.03693696179519145,-0.01249355392105611,-7.88456636308674e-06,-3.39566595982628e-05,3.486002177001919e-05,6.348030030268407e-06,-0.00010134821429877413,0.00010154682676881357,-5.2930893071843436e-05,9.014519654487183e-06,5.369302567358315e-05,0.0012626118590754226,6.179436741715338e-05,-8.764340906058614e-06,6.241279929632831e-05,0.0012331880379822658
0.005879961945706078,0.9963102531418168,-0.037602680870450586,-0.013720669615778487,-8.354023357295612e-06,-3.863538455180377e-05,3.9528251235287374e-05,-7.074530684130463e-06,-0.00012202939104816703,0.00012223428841363283,-6.576847176307984e-05,5.224539513510526e-06,6.597565983890773e-05,0.001199654148393865,6.856810586764414e-05,-2.7268753398248363e-05,7.379139552936329e-05,0.001152449588621316
0.00588998548226972,1.0019506864534165,-0.038214563667971185,-0.014985494912458519,7.763885850678443e-07,-3.6523175875972974e-05,3.653142695409362e-05,-7.656146426738338e-06,-0.0001591277075761299,0.00015931178203931425,-6.70545702791403e-05,2.712593565182458e-07,6.705511894671923e-05,0.0012161749458954878,8.174248783500796e-05,-4.9822056988661916e-05,9.572915794071262e-05,0.0011292229437523415
0.005899948289989567,1.0062508418526654,-0.03874851987971374,-0.016245453460611643,2.4832168354381023e-05,-3.222410640600826e-05,4.0682055243633704e-05,-1.2257742180773763e-05,-0.00016532964016807944,0.00016578341944077806,-7.304521957412676e-05,-2.594366929420315e-05,7.751566344345749e-05,0.001247696706707027,9.39953346744136e-05,-6.430633807877932e-05,0.00011388778713126918,0.001165593266161662
0.005909950491986365,1.009818056526438,-0.03918888893425162,-0.01754219215603826,4.616833376094951e-05,-4.061232766690276e-05,6.148882988629973e-05,-1.3687213991178584e-05,-0.00018508717401304934,0.00018559256938513764,-9.047609130170784e-05,-5.4278461367086826e-05,0.00010550864640214711,0.0012561238799610806,0.00012190071708500412,-6.965031073837607e-05,0.00014039569299586992,0.0010692796557835653
0.005919914076724146,1.0130353300785224,-0.03952938286877055,-0.01885842956156209,4.772805127899182e-05,-6.836542359801804e-05,8.337744312838164e-05,-7.698425600313665e-06,-0.00019725711070182154,0.00019740727818181943,-0.00010415045092970986,-6.331912176307829e-05,0.00012188776644811174,0.0012925539875217698,0.00012993814934030568,-7.286263933329835e-05,0.0001489727722256584,0.0010622143725207045
0.005929943778315587,1.0157414053826297,-0.039783567316560735,-0.020170248597037678,5.5638072561793595e-05,-6.503256545731056e-05,8.558521886605649e-05,-9.729058418433273e-06,-0.00022443847360471521,0.00022464924440496954,-0.00011093002768481907,-5.7980048342176085e-05,0.00012516851460297755,0.0012629337107617883,0.00013153629499752656,-7.928120598150022e-05,0.0001535815956537677,0.001092007399934925
0.005939981904542898,1.0171843122767297,-0.03996729309980933,-0.02138783344673027,6.120412466616935e-05,-8.737468745835059e-05,0.00010667839933461903,-3.5481107966690677e-06,-0.00021887161261172013,0.0002189003697974956,-0.00010560664729567376,-5.253163901265052e-05,0.00011795057036906716,0.00125599667822418,0.000125489806712104,-6.580131814257529e-05,0.000141695113034789,0.0011550288517845242
0.005949924079854558,1.016391672460705,-0.04009572211325064,-0.02252719296099958,7.454798435353608e-05,-0.00010959738816292631,0.00013254806472864927,6.101717805117538e-06,-0.000206552535985357,0.0002066426410065345,-9.215034117576089e-05,-5.35047287999371e-05,0.00010655722116667623,0.0013110589160734028,0.00011231435493745899,-5.98006468714332e-05,0.000127242413099011,0.0011733878090668926
0.005959985841299361,1.0126794641831287,-0.04018812689766555,-0.023729057504829475,8.611269405237867e-05,-9.71299192835307e-05,0.00012980607573216194,3.0770509457612658e-06,-0.00018788193096752934,0.0001879071265987809,-7.891399758932633e-05,-1.99500877321321e-05,8.139671379145456e-05,0.001335278914032676,0.0001008649016982994,-5.7169212533360954e-05,0.00011593984326491128,0.0012143209792714643
0.0059699449641224854,1.0056395233364421,-0.0402573360455155,-0.024982465665349028,0.00010121548775292788,-9.431275217068082e-05,0.000138345474024528,-1.1709001039139633e-05,-0.00016923743719701455,0.00016964200792948667,-7.968291177405662e-05,1.4552639709802802e-05,8.10008996944813e-05,0.0014157849880297555,9.017508324478674e-05,-5.116103057855412e-05,0.00010367736825394426,0.001204853237581092
0.005979984692646613,0.9945779159034394,-0.040340252803422065,-0.026328673784791652,0.0001262015470016916,-8.082576168566898e-05,0.00014986538699008766,-2.6731090795406674e-05,-0.00015622285058216427,0.00015849331297922162,-8.002246951501016e-05,2.4478031473409113e-05,8.368255285359033e-05,0.001402214714191182,8.615751963413908e-05,-4.2606277751376774e-05,9.61166639731869e-05,0.0012106993111363116
0.00598992123451152,0.9792178110372621,-0.040482938918764436,-0.027748354692508793,0.00014611389082053996,-6.462117141494921e-05,0.00015976596911031123,-3.303070128783279e-05,-0.00014667987725639126,0.00015035296345438637,-7.099792062567935e-05,4.9892828932819456e-05,8.677556748353681e-05,0.001360441573947341,7.931093067864945e-05,-3.000032215626561e-05,8.479530089924358e-05,0.001267035084127044
0.00599996277322531,0.9588125127587184,-0.040712221105976935,-0.02922034871404285,0.0001677044483482928,-5.4601799150774995e-05,0.00017636932405128389,-2.804354161950592e-05,-0.000130272684863946,0.0001332569422140023,-6.774187505078216e-05,7.839110997730457e-05,0.00010360563574859063,0.0013501650970024807,7.507830434775459e-05,-3.824721843603746e-05,8.425913304697615e-05,0.0013305789611446407
0.006009989736834148,0.9337035646228151,-0.04102946526996949,-0.030600952135876262,0.0001715379770606401,-5.4026373985603324e-05,0.0001798447293086149,-3.2257109698861485e-05,-0.00011221850440331152,0.0001167626389588743,-5.5753186259560604e-05,9.32969522189537e-05,0.00010868642542396446,0.0013835685836725378,5.892216837758285e-05,-6.181062824550276e-05,8.53954079000737e-05,0.0013362547735939448
0.006019995101636493,0.9046474099608705,-0.04143985895627723,-0.031807863435772764,0.00016822073904349975,-4.905042335832736e-05,0.0001752260285344971,-4.279719798795439e-05,-8.967040373391971e-05,9.935985840078643e-05,-4.6136438000399235e-05,9.340027624298967e-05,0.00010417380915389176,0.00136419751552534,5.304152054869116e-05,-7.153248225551015e-05,8.905222579897765e-05,0.0013619850250347339
0.00602998434103226,0.8726283837506691,-0.041921538870910005,-0.03282589954808988,0.00015197902399135968,-5.0752586433029786e-05,0.00016022936298634043,-5.19261139207256e-05,-6.980412116894269e-05,8.699963585600003e-05,-5.155721475439042e-05,9.631716109510935e-05,0.00010924807510730603,0.0014122693018560717,5.66362024464533e-05,-6.891086484601649e-05,8.919846815602605e-05,0.001407358159247587
0.006039916868491363,0.8384785357082014,-0.04241361589863096,-0.03363623236232915,0.00014988549327862085,-2.817063177522721e-05,0.00015250982129027277,-5.543085755040523e-05,-4.407191472967195e-05,7.081605493610041e-05,-5.496263534575061e-05,0.00010733983410686894,0.00012059324719999913,0.00143052805957236,6.466586514000302e-05,-5.732555874525542e-05,8.641697634007329e-05,0.0013895544212566848
0.006049959602064085,0.802067520653533,-0.042880528167689884,-0.03421279944997019,0.0001555208198969868,-8.603068926554126e-06,0.0001557585895428758,-7.656308654077062e-05,-3.347692302631088e-05,8.356201646656856e-05,-5.488189532861787e-05,0.00011616422307250838,0.00012847625911778743,0.0014499919666402157,6.981599240063844e-05,-3.521737542010306e-05,7.819550067853318e-05,0.0013640440921851012
0.006059964207571949,0.7634011304481929,-0.04330226459845239,-0.03449511251777491,0.00016751496506013088,1.1734490168878498e-05,0.0001679254649498413,-9.292866487690607e-05,-2.8717701952837595e-05,9.726480947010757e-05,-4.788231364145542e-05,0.00012594927683153262,0.0001347439657054992,0.0014449328169892444,6.51118127302235e-05,-1.5109539310311088e-05,6.684195041428348e-05,0.0014370466627827015
0.006069980697623138,0.7216420595088529,-0.043673734354217335,-0.034549912325956195,0.0001823335272692038,2.340635786821038e-05,0.00018382973849484803,-9.467034576195058e-05,-2.0134495049355134e-05,9.678776915282107e-05,-4.023616361150071e-05,0.00010658930321570457,0.00011393080541355294,0.001427451053579777,6.577931376165654e-05,9.041609178901081e-06,6.639780730941682e-05,0.0013663760482897605
0.0060799429193211935,0.676499544505769,-0.04399447651428213,-0.034523928465573284,0.00019357721808697286,1.681099401986376e-05,0.00019430581278548345,-8.73801320157028e-05,-1.6348059542958126e-05,8.889626832382648e-05,-3.299927198913838e-05,0.00010143995952118582,0.00010667247695386542,0.0014619143150548263,6.332159147784631e-05,2.4400305234851195e-05,6.786014178323801e-05,0.0012913730300944189
0.006089984857841491,0.627277219016669,-0.044279415019869886,-0.03450195313260531,0.00018813465018565094,-7.831702818866849e-06,0.00018829758938850038,-6.687656967037988e-05,-1.277133727377031e-05,6.808511310585867e-05,-2.696030573014161e-05,9.278010755510019e-05,9.661783708507796e-05,0.0014114494993362598,6.36629372164646e-05,6.75371565090276e-06,6.402017065051266e-05,0.0013168701967325573
0.006099920010855152,0.5751128191527274,-0.04450265304670906,-0.0344829374387337,0.00017436594717332513,-1.528371462985396e-05,0.0001750344979326579,-4.401227020214707e-05,-1.7620069756845047e-06,4.404752656993539e-05,-3.065861665102522e-05,6.391829984643588e-05,7.08907598366205e-05,0.0013459437443746115,5.992728697138266e-05,2.44582801456944e-06,5.9977177312935485e-05,0.001376377966221871
0.00610995507224741,0.5198782111455957,-0.044618306684860914,-0.03447367100313734,0.00016810906649915476,-8.426634857553365e-06,0.00016832013074567098,-3.5209347078179586e-05,-3.7251127994872655e-06,3.5405855264922175e-05,-2.5101108967726568e-05,1.8954533884063374e-05,3.145377602406092e-05,0.0013441007608908794,6.500367975798699e-05,-1.3174546158837953e-05,6.63253122764626e-05,0.001347103638124536
0.006119989798624146,0.46329626488747067,-0.04453252565045012,-0.03448739023700357,0.00015826879709389787,-1.0094587208716648e-05,0.00015859039322879491,-1.651393655896418e-05,6.438009407596806e-06,1.7724504670252388e-05,-1.5184263294245697e-05,1.3255283590209661e-05,2.0156001459760282e-05,0.001379545149315408,6.341419843460677e-05,-2.128269952184537e-05,6.689031216880993e-05,0.001406218065930789
0.006129956824465247,0.4065716116612697,-0.04418629001651549,-0.03452540692249114,0.00014276311645416073,8.223785502603955e-06,0.0001429997834533224,-3.0852207291492614e-06,1.87406291459787e-05,1.8992887293265304e-05,-5.629020359507186e-06,4.906428426035991e-07,5.650362873899742e-06,0.0014266370077024196,5.472233006818816e-05,-3.497166825201539e-05,6.494267463248454e-05,0.0013940653178292025
0.006139974559611953,0.3499797416216782,-0.043579416949132456,-0.03450964457455512,0.0001244954196348313,2.1388042458785232e-05,0.00012631926959206,-3.505402283142129e-06,1.4107044806365765e-05,1.453604342094056e-05,-7.766554396863394e-07,-4.341849495158166e-06,4.410765320281686e-06,0.0014759708134382764,3.64312437246934e-05,-4.012863686416781e-05,5.419910530538544e-05,0.0014141177491065033
0.006149928902030539,0.2947313403107037,-0.042668910472748234,-0.03436711919560442,0.00010540467508282506,2.2138611854488675e-05,0.00010770452016586689,-8.774813404454056e-06,1.0914081062826405e-05,1.4004089250248749e-05,1.7150197964882023e-05,-5.129324088711332e-06,1.7900817183628177e-05,0.0014890660908081885,1.482746416409895e-05,-3.6022966830396445e-05,3.8955202897706505e-05,0.0013823518856353263
0.006159949720726873,0.24061263055975782,-0.04102803906493034,-0.03409321917468086,8.119666157321457e-05,3.247591621117543e-05,8.745046017254814e-05,-2.1787077873763102e-05,2.998585334328159e-06,2.1992459532409414e-05,3.927201171035714e-05,-7.705943302459817e-06,4.002090036417413e-05,0.0014029739045793954,2.299742190151055e-06,-3.68697963088245e-05,3.6941449538362316e-05,0.0014010191928110409
0.006169920194382267,0.1888114630491952,-0.03862312547357318,-0.0336585902113407,6.55609186071735e-05,4.137465566104138e-05,7.752481009126157e-05,-3.1533715696483236e-05,-7.674621226387567e-06,3.245419905952313e-05,4.399289150225037e-05,-2.404804318631141e-06,4.405856995568149e-05,0.0013123195029231698,-6.978280090132183e-06,-2.963541769649654e-05,3.0445925426272652e-05,0.001382211183025109
0.00617995039611183,0.13897000791919895,-0.035784212547113656,-0.03303191039786363,6.428642910039171e-05,4.3648259480861425e-05,7.770402513504883e-05,-2.985704775764972e-05,-2.9060658755043126e-05,4.166491555349225e-05,3.412662470243984e-05,3.7909717255364654e-06,3.433654001504802e-05,0.0013690572289221299,-4.942178072750436e-06,-1.8941981661686462e-05,1.957610260941747e-05,0.0013556940033568883
0.006189968331930112,0.09072280708704755,-0.032747485196821365,-0.03224306333751197,5.9196138581909044e-05,4.319370782099701e-05,7.327945973009243e-05,-2.3909278766013654e-05,-3.364249807625881e-05,4.127313033829672e-05,1.7596724175139115e-05,-6.2358814784808545e-06,1.8668982819360724e-05,0.0014463122827996183,-2.4548684745370754e-06,-1.1562423761160933e-05,1.1820153233352556e-05,0.0013876847222767138
0.006199999582343959,0.04341518617308014,-0.02981667647735898,-0.03138449354436087,5.939831504409455e-05,3.221547379128981e-05,6.757215833222134e-05,-2.1923852560850558e-05,-2.3436417643468675e-05,3.209238200989455e-05,6.0134464716254945e-06,-2.475852911631565e-05,2.5478349681063625e-05,0.0014738808168482573,-5.0451865666485225e-06,6.275271589940706e-06,8.05189052457916e-06,0.0014249813641473573
0.006209947124787719,-0.002685515310352159,-0.027034138258722123,-0.03054521438473061,4.6287191383263294e-05,1.3285233608886129e-05,4.815601227462176e-05,-5.117825488884075e-06,-1.7846588036046527e-05,1.8565905371487558e-05,-3.331758721281571e-06,-3.693066276642761e-05,3.708064816780363e-05,0.0014410387656210734,1.7139319420378384e-07,9.47567089173726e-06,9.477220820237132e-06,0.001421689742593085
0.006219984412369792,-0.04808589477776472,-0.02424733700310129,-0.029803632988490068,4.140797301873788e-05,1.2304704312386973e-05,4.319752281943722e-05,1.4837811768372757e-05,-4.062632231601506e-06,1.538394093601859e-05,-1.7839790526360626e-05,-1.644727208603169e-05,2.4264601482331905e-05,0.001465383463255723,1.5906319817681388e-05,3.2390329379712776e-06,1.6232755296486992e-05,0.0013367979730497122
0.006229980641453494,-0.09235090040669945,-0.021550508208788115,-0.02917380687166773,5.031982145648362e-05,5.5762079334863874e-06,5.062784339007407e-05,3.21064964659383e-05,-1.0011438515896226e-06,3.212210149303567e-05,-4.030985385277593e-05,-1.4890530091457101e-05,4.297222596092439e-05,0.0014201482924825538,4.0751644281978215e-05,-9.690229113768765e-06,4.1887910570500166e-05,0.0013253170440399738
0.006239915929178187,-0.13620358801129537,-0.01919421363507073,-0.02874283872672295,5.335493135944251e-05,-1.1327020106108437e-05,5.4544019698359295e-05,4.46873175189281e-05,4.797753840510687e-06,4.49441296383814e-05,-5.769804215677392e-05,-1.624598286055e-05,5.994160514892927e-05,0.0013904531426441285,6.152184024702847e-05,-8.962427764597676e-06,6.217123079702157e-05,0.001346387231595365
0.006249993171169993,-0.18161521450644644,-0.017378924902315376,-0.028593911641133413,4.864860632621893e-05,-1.6408986281640657e-05,5.134142312280114e-05,5.436106624812304e-05,2.0870549345070998e-05,5.8229763468503506e-05,-6.69254733888111e-05,-1.701823044874178e-05,6.905533401499803e-05,0.0014329058230822711,6.199777748982458e-05,-3.410697044741978e-05,7.076022785985759e-05,0.0013529369559182676
0.00625991445930508,-0.22716180685593446,-0.016058976070419815,-0.028673775949685374,5.357936101206681e-05,-9.406787220420967e-06,5.439885635076955e-05,4.220275805692829e-05,2.5420131874150608e-05,4.926718879853846e-05,-6.290821673965811e-05,1.5215491735779762e-06,6.292661476077843e-05,0.0014986743787298068,6.467077428952509e-05,-4.2346178909838195e-05,7.730140953094403e-05,0.0013669793526949205
0.006269940141280217,-0.27419138256936393,-0.01507622530755485,-0.028879868293123733,5.572725325838799e-05,-2.4270126850356767e-05,6.0782940148177464e-05,3.157673600020453e-05,3.266517123323478e-05,4.5432407685738624e-05,-6.299383655162157e-05,3.0999448887791784e-05,7.020818524103318e-05,0.0015004583512017093,6.11805613119636e-05,-3.303192092757713e-05,6.952818768393612e-05,0.0014321073172431898
0.006279936463845391,-0.3226241106738674,-0.014447828644391017,-0.029156467973601052,5.6615243727649485e-05,-1.440990177786513e-05,5.842029691459018e-05,1.8499249593334662e-06,4.213331223413107e-05,4.2173904516584e-05,-6.292281122887386e-05,5.086531189406483e-05,8.091081588406452e-05,0.0014360584628410199,7.065942801916386e-05,-3.656205421186826e-05,7.95583972700996e-05,0.0014480280417552122
0.006289987798605394,-0.372864158937045,-0.014111107073531819,-0.029459882237753962,5.497441519050671e-05,4.532055625992756e-08,5.497443387149189e-05,-2.1878977849411167e-05,3.927023501754657e-05,4.495376547151935e-05,-5.3496317527268467e-05,6.948538498017086e-05,8.769307107645897e-05,0.0014401708870900383,7.006518239458156e-05,-3.703959614052431e-05,7.925314798945922e-05,0.0013592462449123544
0.006299936830776426,-0.4232903544734732,-0.014086691540050673,-0.029805039775685726,5.239508489506342e-05,-1.210979217105533e-06,5.240907738002229e-05,-4.0876502586766495e-05,2.0656336113896207e-05,4.579926511829836e-05,-5.5640983260780524e-05,9.097119508107608e-05,0.00010663806709006714,0.0014677178412703744,6.125193656486098e-05,-3.942687122010104e-05,7.284420297561218e-05,0.0013976157479238826
0.006309955716888128,-0.47410426415986695,-0.014320983378392176,-0.03022374754220616,4.339530387927016e-05,-1.349151321775443e-06,4.3416271236291686e-05,-5.15417448500562e-05,1.6923240377797098e-05,5.424894033133732e-05,-5.668478665321793e-05,9.16160431459564e-05,0.00010773423039889679,0.0015053594289406121,7.210127332500417e-05,-4.0042729299380707e-05,8.24743219725415e-05,0.001426580700132084
0.006319992844598638,-0.5255773313046973,-0.01467189039343042,-0.03066481717354182,2.39205391607206e-05,1.2657877175387476e-05,2.7063149268456602e-05,-5.9156218176184897e-05,1.4668404266726222e-05,6.094768439112761e-05,-5.7885237736213696e-05,8.817201415812497e-05,0.00010547513843782604,0.0014574433460040784,9.321304136436133e-05,-3.887176639492688e-05,0.00010099349138957374,0.001436303860295487
0.006329950354656333,-0.5771415648239514,-0.015057739050059991,-0.03107468794910142,1.1811280826001802e-05,3.964112473110612e-05,4.136333067703556e-05,-6.458730795940457e-05,8.673855905973925e-06,6.516713992282126e-05,-6.217614673654689e-05,6.641393355039105e-05,9.097628148391408e-05,0.001401531420278671,9.717223373970954e-05,-5.0130560344466915e-05,0.0001093412826448226,0.0014387315035365006
0.006339957149845124,-0.6285026351094029,-0.01541078117238579,-0.03141202716871786,-3.0604232690296766e-06,4.930898307507533e-05,4.94038662706036e-05,-4.744140665556866e-05,4.253438606892139e-06,4.763169958590219e-05,-6.799048468222323e-05,6.267798449397099e-05,9.247289196056376e-05,0.0014162715692198056,9.585501029652268e-05,-6.210397398888729e-05,0.00011421508912643222,0.0014788766727575884
0.006349917350689544,-0.6782823009919929,-0.01570052040158477,-0.03164924336098905,-1.1111773502674085e-05,4.4300697326017065e-05,4.567300399520602e-05,-3.725002488339955e-05,6.821668213025681e-06,3.7869506347752816e-05,-8.390997798465304e-05,3.963782077761764e-05,9.28010842683613e-05,0.0014544102080578845,8.948031223755861e-05,-6.792185296410844e-05,0.00011233923797235295,0.0014249771973638844
0.006359982470923128,-0.7267238881020396,-0.015962648394512436,-0.03183113244774948,-1.5059939120692228e-05,3.924622640185849e-05,4.203650857415362e-05,-3.3403728030126194e-05,1.2666475697997e-05,3.572462250211452e-05,-9.288104694477005e-05,1.573208141863188e-05,9.420396630354286e-05,0.001506999432105516,8.325562328503483e-05,-7.847552802374462e-05,0.00011441113279390761,0.0013948376923385267
0.006369979550279927,-0.7725506496274998,-0.01620428790008232,-0.03198009535811367,-3.685901116222629e-05,1.9101199304834472e-05,4.151436520940831e-05,-2.3946223135569867e-05,3.357607722654731e-07,2.3948576946338457e-05,-8.350549051593011e-05,8.776659101990449e-06,8.396544939020243e-05,0.001462983476503287,6.664747557464934e-05,-9.475854802291015e-05,0.000115849335017011,0.001495046436575212
0.0063799427695577565,-0.815492768428389,-0.016425417718538178,-0.032094273954298244,-5.038106559975041e-05,1.9144345159877827e-05,5.389580431320133e-05,-1.4737428678955524e-05,-1.1380416953124418e-05,1.862003475008203e-05,-7.474196244618656e-05,7.783698520316132e-06,7.514617031467628e-05,0.0014106512318264324,4.635685825931009e-05,-0.0001199879576340556,0.00012863152135019507,0.0015271704114883035
0.006389964103290544,-0.8557935861659891,-0.016638158149552294,-0.032159332494342156,-4.5251981114002165e-05,1.916136967421867e-05,4.914163084935293e-05,-1.4777303048163493e-05,-2.4760028701796948e-06,1.498329988989075e-05,-6.45605255956666e-05,1.4387582444806003e-05,6.614426652246447e-05,0.0013756640420308172,3.694301099560389e-05,-0.00011877488237567917,0.00012438753452327018,0.0015058613191587492
0.0063999688223133466,-0.8934817768867906,-0.01683996544100117,-0.032234444835711105,-3.642534049760329e-05,1.558198898453443e-05,3.961822574372167e-05,-1.9909489279999575e-05,-2.1268730967448644e-06,2.0022770851210255e-05,-6.15216425052259e-05,1.5829801680636396e-05,6.352554696961764e-05,0.001458772105544359,3.0257539262110168e-05,-0.0001083663717193512,0.00011251128477541592,0.001489773572278056
0.006409933629444125,-0.9288303606843034,-0.017025842639587997,-0.03245877791750014,-1.660412538464183e-05,1.5137197732205071e-05,2.2468460894613624e-05,-2.1284943838796068e-05,-7.966480959314699e-06,2.2726936729260862e-05,-5.135030828549991e-05,2.8612463842673377e-05,5.878373285326624e-05,0.0013960508526134224,2.9255542171966834e-05,-9.958604251436732e-05,0.00010379434768545493,0.0014825668977448123
0.006419997156433056,-0.9625399674973641,-0.017207045752578816,-0.03293484396858833,-1.8122296337296905e-05,1.2241102853471224e-05,2.186920720113251e-05,-3.2669670712386165e-05,-7.1615832653156925e-06,3.3445413128286994e-05,-4.521818585345126e-05,3.192455612373104e-05,5.535215999014413e-05,0.0013056138467042997,2.5146422717824597e-05,-0.00010503798797364394,0.00010800611785012409,0.001470115847203505
0.006429923597443223,-0.9940700388458943,-0.017363240123859473,-0.033648686988452976,-1.9945731763604518e-05,3.7028634555352967e-07,1.9949168593286428e-05,-3.5307351600425904e-05,-2.4853472128812717e-05,4.3177588560429916e-05,-4.25662650747403e-05,3.06721263568859e-05,5.246585801896154e-05,0.001284234197440013,3.316374881519267e-05,-9.932164341074365e-05,0.00010471209617464503,0.0014198882336731449
0.006439980430426857,-1.0247002171169206,-0.017492877412916913,-0.034565787991994876,-1.0073115732380476e-05,1.5979791892649786e-06,1.0199078294005543e-05,-2.5956129091030556e-05,-3.060700186984366e-05,4.013115000658287e-05,-6.756528778188211e-05,6.963583205201154e-06,6.792318900128518e-05,0.0013328767143781597,4.56908411702923e-05,-8.727045771989509e-05,9.850779541482427e-05,0.0014399102242059034
0.006449920631947405,-1.0539449345423657,-0.017608566476031175,-0.035626075005268175,5.4963278585508715e-06,3.512920421128439e-06,6.523053718456074e-06,-2.4490426228941306e-05,-5.356250254941452e-05,5.889586281082274e-05,-8.599720914087053e-05,-3.2904870020449687e-06,8.606013760580011e-05,0.0013497624369041227,5.764413376302448e-05,-8.470892413710795e-05,0.00010246193432565953,0.0014840882032367592
0.006459925437463352,-1.0824873738066356,-0.017738225200706226,-0.03677721993503609,7.93500884303756e-06,3.474914269255221e-06,8.662528182797318e-06,-2.9367547374912952e-05,-6.30729867194289e-05,6.957481219900641e-05,-9.074588985169644e-05,-9.618789575303468e-06,9.125424723195183e-05,0.001410035542550135,6.131918530827609e-05,-0.00010656293078809712,0.00012294592593908705,0.0014536572720618263
0.0064699528531214304,-1.1096441275878683,-0.017913163247459205,-0.03795084966963227,-9.606057501901355e-06,1.1961941570934644e-05,1.5341590102603108e-05,-3.0044129984114522e-05,-5.841477592042856e-05,6.568817087068454e-05,-8.299567883387991e-05,-8.299544640560854e-06,8.340962262435435e-05,0.0014714376842706344,5.555586037355361e-05,-0.00012447275291209238,0.0001363081796495008,0.0014220726196955895
0.006479970872838756,-1.1347761916046226,-0.018130756138901926,-0.039056016781682926,-2.6469030866725293e-05,2.3203846893361057e-05,3.519983104610302e-05,-3.064619282098623e-05,-3.224179175734405e-05,4.448283118400859e-05,-8.130417437961086e-05,-8.056438522162592e-06,8.170235598323684e-05,0.0014340026374015697,5.569512833936419e-05,-0.0001318534173858939,0.00014313375212393826,0.0014895465064795493
0.006489933050048966,-1.1566303011177066,-0.018367188842350297,-0.039972263259069676,-3.704743706109794e-05,5.4895128487739974e-05,6.622679008136733e-05,-3.1035380103125194e-05,3.0147507031742066e-06,3.118146147870155e-05,-6.25146864169294e-05,-7.100451017073507e-06,6.291663073029958e-05,0.0014584155888610387,4.972308792858121e-05,-0.0001541722830556175,0.00016199221689863638,0.0015815063881234972
0.006499971049803978,-1.1738209193126259,-0.018604599527722244,-0.04064015810801978,-4.4952345782902324e-05,6.338528726325321e-05,7.770719421540548e-05,-2.283580472628834e-05,2.785808885486247e-05,3.6021480982083256e-05,-3.950359852622487e-05,4.818009462254649e-06,3.979632535422751e-05,0.0015560966495454481,4.865882237839967e-05,-0.00015844473541503395,0.00016574804727655999,0.0015152232120498655
0.006509924435970957,-1.1854346020926478,-0.01878538604614285,-0.04099565913218917,-6.545326797466333e-05,7.379355601769071e-05,9.863883210125284e-05,-2.0519035518249892e-05,5.841561583433786e-05,6.191457818562721e-05,-3.136284351615328e-05,6.168296248279397e-06,3.196366424590984e-05,0.0015982826065114443,4.67810962927052e-05,-0.00014329431901586527,0.00015073729741695623,0.0014976896022904835
0.006519919271301669,-1.190779362608421,-0.018864251419010613,-0.04112107050933469,-8.32501688572216e-05,7.391132238884906e-05,0.00011132598165758203,-2.0582761539543557e-05,0.0001014752267542438,0.00010354164243153046,-3.2796263970589117e-05,1.9474128305732043e-05,3.814232037640967e-05,0.001473274168286964,4.709502208982003e-05,-0.00012744203560930803,0.0001358654243944528,0.001485116179305
0.006529938861540502,-1.1894985414145864,-0.018830397799981278,-0.041117686978323485,-9.200097700879685e-05,6.983444826789742e-05,0.00011550337629461231,-2.2537329085160155e-05,0.00011332864941598305,0.00011554788609379057,-2.647565450097598e-05,4.2368816721813475e-05,4.9960753713906984e-05,0.0014013040176161199,4.853466102945579e-05,-0.00011427325695037055,0.00012415309329730608,0.0014683391646108219
0.006539944941295382,-1.1820318069482774,-0.018665720194032266,-0.041027840087132963,-9.4810010562104e-05,5.384413644489818e-05,0.00010903269753740427,-1.7791388831664423e-05,0.00011493108523470576,0.00011629999084173081,-1.836390111085671e-05,2.947162190128307e-05,3.472476582356622e-05,0.001422820083207372,3.982329373493169e-05,-0.00010251432053343886,0.00010997763699194166,0.0014985936534698424
0.006549932124492426,-1.1689499908032548,-0.018355702180464173,-0.04089771040711672,-0.00010175140710970854,5.5016865868882944e-05,0.00011567283336566241,-7.972530893888066e-06,0.00013160240613762432,0.00013184367466839743,-3.5073132701374242e-06,2.0291281188309893e-05,2.0592166924292865e-05,0.0015002701639270873,1.5001903422377783e-05,-7.996187909662796e-05,8.135698627012985e-05,0.0015442593530872223
0.0065599346390226455,-1.150540522110735,-0.017895928728137448,-0.04081450141726448,-9.052112627221803e-05,6.233498461232218e-05,0.00010990780048845161,9.976988673463492e-07,0.0001379760441155865,0.00013797965122733198,-3.961396251388194e-06,3.146574773571858e-05,3.171412841035351e-05,0.0014875653571316187,7.953601601564756e-06,-6.049829293409062e-05,6.101887598420224e-05,0.001546109782646759
0.006569941910771063,-1.1272759374170458,-0.017321773892888484,-0.04084254780999189,-8.195740580695457e-05,6.82264585439714e-05,0.00010663895166428671,8.536706394678389e-06,0.00012967583690254254,0.00012995652362403264,-7.020021169740672e-06,2.8253113717485503e-05,2.9112181848098827e-05,0.0014846318722848873,6.671964744603409e-07,-5.662005724697362e-05,5.6623988148011106e-05,0.0015171135691116268
0.006579954726835413,-1.0995440360685713,-0.016703473970496673,-0.04096329436859371,-7.25625552193878e-05,7.498395383101304e-05,0.00010434518557220644,9.024231631284737e-06,0.00011893638542361566,0.00011927824836980938,-5.005003964161925e-06,1.683240577726967e-05,1.7560750238299556e-05,0.001464072868269137,-1.218489212315386e-05,-5.9916252867153845e-05,6.114269337945146e-05,0.0014169357993904555
0.006589954448355206,-1.0675329905909414,-0.016081691787057963,-0.04115879577345685,-6.316729313996525e-05,7.654282575046169e-05,9.924168023817332e-05,1.3240959138545796e-05,9.190875085926509e-05,9.285764095333836e-05,6.616336937215194e-08,7.904346786284855e-06,7.904623691821033e-06,0.001405774296193599,-1.5666188527463377e-05,-6.144184287834623e-05,6.34076455899871e-05,0.001325979446116557
0.006599924073090174,-1.0314820481911315,-0.015471082665250555,-0.041388583380455264,-5.254765143384308e-05,7.692809237311304e-05,9.316215469480556e-05,1.5369812332787294e-05,8.45284124393496e-05,8.59143971675405e-05,4.457341338114558e-06,1.496970692477908e-06,4.702000963271133e-06,0.0013930921662005697,-2.6843301114199784e-05,-4.745445263726652e-05,5.452052723342072e-05,0.00138230468248567
0.006609938559825719,-0.9913323996470799,-0.014891917116980182,-0.04164519726512116,-4.208983059647781e-05,7.872652628795055e-05,8.927160680198138e-05,1.881761002303162e-05,7.438050852073008e-05,7.672393690877249e-05,9.202706477903777e-07,-2.3852948127403152e-05,2.387069400821371e-05,0.0013361713439683808,-2.840336209246295e-05,-4.0352085371992464e-05,4.934614242293038e-05,0.001406586239628155
0.006619969101457463,-0.9470048230019585,-0.014374855142183918,-0.041895583587029536,-3.9070884472554215e-05,7.155915109950691e-05,8.153064527862967e-05,1.9213470833309536e-05,5.852743202507269e-05,6.16004688367868e-05,4.883404195886454e-06,-3.936530491152691e-05,3.966705014641101e-05,0.0012257021473036631,-1.4365765337435998e-05,-4.03262557764434e-05,4.2808668732832755e-05,0.0013826302151636462
0.006629929881483166,-0.8992957805617853,-0.013920641560848683,-0.042112443144426866,-3.22705610912564e-05,5.27905729899864e-05,6.187272185507595e-05,1.1132556649258874e-05,3.873601235538087e-05,4.0304000679153144e-05,1.6114586661235737e-05,-1.5247887780157056e-05,2.2185084742203254e-05,0.0012567487942013018,-1.4694425077671953e-05,-2.7338579895412564e-05,3.103746251002441e-05,0.0013382804999453666
0.006639916828671859,-0.8488774758165013,-0.013504059017734018,-0.04231877204232807,-1.619697027666761e-05,5.71797180211069e-05,5.942947079620137e-05,6.867250792778282e-06,2.390605314187551e-05,2.4872846846975318e-05,2.572723011277783e-05,-9.305662902639314e-06,2.7358467269446583e-05,0.0013396924755321661,-2.008618159659581e-05,7.139540410263651e-06,2.1317310533958356e-05,0.0013416148764496074
0.006649911804091403,-0.7971016439576071,-0.013117824678859526,-0.042514189269762616,-2.5480127598799616e-05,4.917463722426265e-05,5.53839493769535e-05,9.051981555484832e-06,1.357725427067777e-05,1.6318094362132954e-05,4.41270356911221e-05,1.1078969213735737e-05,4.549658050584097e-05,0.0014130890791727367,-2.938220472499022e-05,3.036655752880716e-05,4.225448817169121e-05,0.00140621722692006
0.006659988970872415,-0.7450764883132717,-0.012747144781582698,-0.042712855178394606,-2.057725708692502e-05,5.045473331040275e-05,5.4489481761577354e-05,8.657133595805014e-06,1.794342500986872e-05,1.992266205054932e-05,5.6804702995267203e-05,3.182549895081617e-05,6.511249239469274e-05,0.001373673722611404,-3.800146637165704e-05,3.8831859188585236e-05,5.4332538450161636e-05,0.001407731790429917
0.006669975679227844,-0.6943629897180523,-0.012368937782439051,-0.04286561086708891,-1.7785037896548075e-05,5.7599317545321664e-05,6.028257587950644e-05,-5.820285951390735e-06,1.818452563419226e-05,1.909326323854966e-05,5.962381325486515e-05,5.591898022459007e-05,8.17430820094834e-05,0.0013342481830329526,-2.8208106012542662e-05,6.359145123919427e-05,6.95670174401754e-05,0.001349331973017147
0.006679979842963847,-0.645047042030644,-0.011943013752040129,-0.04291516421611346,-1.890384568233299e-05,6.771744802634029e-05,7.030652991565975e-05,-1.3859680900035753e-05,1.0760053138374304e-05,1.754621036553063e-05,6.942509083683416e-05,7.471612277986803e-05,0.00010199187340645817,0.001321401930935454,-1.5793369609866845e-05,6.690671527342449e-05,6.874546583094014e-05,0.0012923488202699267
0.006689969714266142,-0.5978399098568318,-0.011460236580884133,-0.042814937615990326,-1.585539014306147e-05,6.845055890650163e-05,7.026288074937678e-05,-2.9090350468751955e-05,1.899623938678957e-05,3.474342529508328e-05,7.153897791219814e-05,6.757326670555955e-05,9.840717318357772e-05,0.001234781288173757,-1.870912911290194e-05,6.60597805338264e-05,6.86580375217683e-05,0.0012877221925664032
0.006699995039321218,-0.5524530413914437,-0.010929917823338397,-0.04252762343209665,-6.405099826596768e-06,6.84766389349762e-05,6.877554349926846e-05,-3.61408626071728e-05,1.327425407465442e-05,3.8501529466100706e-05,5.697457970658404e-05,5.8848776600635677e-05,8.191020229576669e-05,0.0013047723521592207,-2.3170180889267127e-05,6.533979739215187e-05,6.932637597400297e-05,0.0012924467451433902
0.006709925788049587,-0.5093117778251515,-0.010389412574727168,-0.04202596249977174,-4.038302734011515e-06,7.919972285413283e-05,7.930261022906481e-05,-3.123811020176422e-05,2.3687843751909885e-05,3.920374306864667e-05,3.9999945961342415e-05,6.13415543184658e-05,7.323101776648746e-05,0.0012114685296236859,-2.8758287977616313e-05,6.893185784707835e-05,7.469029490940124e-05,0.001241001178375447
0.00671993306940999,-0.46739878621875297,-0.00986015788968511,-0.041327579130416583,-3.495664968045098e-06,8.706424741719762e-05,8.713439534358301e-05,-3.258503740646585e-05,1.107979329001893e-05,3.441724105924714e-05,3.626630260576691e-05,6.33023094684208e-05,7.295496616906058e-05,0.0011912496027758636,-3.649159088400337e-05,7.028219930272118e-05,7.919105848562007e-05,0.0011567806056196274
0.006729953260986388,-0.4269390467909072,-0.009349831287228398,-0.04043722544944399,-1.124713315479517e-06,8.273785078629691e-05,8.274549493946815e-05,-4.479757253867929e-05,1.2465953802831526e-05,4.649970440306651e-05,4.59852932322193e-05,7.183037623937277e-05,8.528921470117451e-05,0.0011607406603966705,-3.698638077027453e-05,6.252141908338118e-05,7.264241327684203e-05,0.0011067074417928252
0.006739970069871312,-0.38767080111224395,-0.008862508941454413,-0.03932761167274021,5.397637977744719e-06,7.540394151853907e-05,7.559688414392521e-05,-5.1708372762831155e-05,2.7193252955517046e-05,5.8422845018730774e-05,4.4163324910724556e-05,5.804193972907847e-05,7.293329853149522e-05,0.0010808504848861954,-3.949704094747403e-05,5.535917475025037e-05,6.800481212851924e-05,0.001027895814029236
0.006749972881198917,-0.34934846174751866,-0.008386056410463428,-0.038065929426759695,1.392531127698566e-05,5.9703900322254846e-05,6.130636188725184e-05,-3.802475485258387e-05,3.720650262374238e-05,5.319967874987263e-05,4.475136439650214e-05,5.6062297379378636e-05,7.173329633303076e-05,0.0010774667208609486,-3.7772471153882846e-05,3.6869183896486976e-05,5.278348509016704e-05,0.0009764940073408554
0.0067599827951529004,-0.31161383456316544,-0.007908001589176043,-0.036684112580461004,6.186767242301848e-06,3.447113375895504e-05,3.502192386974463e-05,-2.8786988988464303e-05,3.293779840339115e-05,4.3744591650676104e-05,5.39459408120016e-05,6.0523449637508165e-05,8.107559735281613e-05,0.0011245128014058946,-4.4826349719713496e-05,5.221726086520229e-06,4.512945881036802e-05,0.0010682843412766429
0.00676999230626954,-0.27404710743239125,-0.007420495700928538,-0.03520821850564156,7.2673672943434145e-06,1.557993027040665e-05,1.7191534388227996e-05,-2.9892279979661096e-05,3.738934093303958e-05,4.786973174971337e-05,5.4886066660804016e-05,4.679519270692218e-05,7.21267660024502e-05,0.001171157690448964,-5.6747658933569794e-05,-2.1319460601439707e-05,6.0620262246027146e-05,0.001102408637028773
0.006779931045841631,-0.23636088591208015,-0.006929638909099845,-0.03370293970816863,9.924410172819451e-06,8.838765959058521e-06,1.3289759251294732e-05,-2.9272861345930237e-05,4.723157741520875e-05,5.556727738972743e-05,5.835833592608281e-05,4.0163577324727875e-05,7.084354815776043e-05,0.001224957632337396,-5.495459510909823e-05,-4.1051331299662865e-05,6.859460128231378e-05,0.001064626700077839
0.006789969339644652,-0.1973019589932203,-0.006448627347480456,-0.03214545025541002,8.212907926259411e-06,9.902353232021355e-08,8.21350487095295e-06,-2.6566625932413976e-05,4.438146903158918e-05,5.1725239553188345e-05,7.744292161048725e-05,4.123398773394301e-05,8.773624024319161e-05,0.00108036520155569,-6.179327231628275e-05,-6.148247027017068e-05,8.716939057993176e-05,0.0010870574845119611
0.0067999960668701075,-0.15730709977619392,-0.005987196031245166,-0.03051065417204527,5.036471710889029e-06,-8.049873895714782e-06,9.495605142985661e-06,-3.349177285012078e-05,4.312446869271902e-05,5.4602368526222285e-05,9.276711463045151e-05,4.103080727049572e-05,0.00010143601284616767,0.0010424470492223213,-6.848253754034954e-05,-6.109559536761161e-05,9.177434130130442e-05,0.0011557756341827523
0.006809995009576674,-0.11693931873291873,-0.005511613183765817,-0.02883314611245582,4.54017291707208e-06,-6.646411379526869e-06,8.049096492328756e-06,-2.5419078547547422e-05,3.936529753634111e-05,4.68588967468404e-05,8.35609287011758e-05,5.0417010929848696e-05,9.759253965597713e-05,0.0011346295096073072,-7.106112532801884e-05,-4.16950337622778e-05,8.23902868869983e-05,0.0011609161879709653
0.006819984127792944,-0.07653633570859701,-0.005016569898386767,-0.027131818925017006,2.1563537677643345e-06,2.52135723371009e-06,3.3176955664638126e-06,-2.5153759693409723e-05,3.415547483284316e-05,4.24182518236052e-05,7.241538724476934e-05,6.048853697365209e-05,9.435492257970845e-05,0.0011570546596655477,-6.417067863570639e-05,-2.0543616242767555e-05,6.737889999767886e-05,0.0012227734783616527
0.006829942142773709,-0.036804973898918784,-0.004507058319165377,-0.025356764930082924,-1.1794718358297627e-05,1.3052790107830053e-05,1.7592348073825425e-05,-2.598039290413988e-05,2.9906328740012996e-05,3.961526617554411e-05,7.20564089038191e-05,5.942302354436973e-05,9.339818944320655e-05,0.001209638722298997,-6.06165296541288e-05,-2.4786169704710416e-06,6.066718395801954e-05,0.0013031591357115734
0.00683992479492637,0.0024623862403534247,-0.003956840192914003,-0.02347046107356406,-2.507029506754535e-05,9.034075847155434e-06,2.6648343685601662e-05,-2.0509401035616326e-05,1.8004671569105738e-05,2.7291092487313594e-05,6.236677857907139e-05,3.7494914241960176e-05,7.27700739613673e-05,0.0012528889027713093,-4.0797870837231315e-05,8.950132810369944e-06,4.176806366321846e-05,0.0013940809738831454
0.006849967984618561,0.04155305704843357,-0.003344086181406602,-0.02146741784386252,-3.0059801953117443e-05,7.301510386892882e-06,3.093386085490377e-05,-1.1870414559067826e-05,-4.355982169177617e-06,1.2644418628878227e-05,5.086247821203399e-05,3.0227591456191268e-05,5.916670495398607e-05,0.001260759885889209,-2.817536974081177e-05,1.1880211157871587e-05,3.057762052853472e-05,0.0012699955961037808
0.006859982919947598,0.0800400542966905,-0.0026751375624688017,-0.019319557455263776,-2.9987762076067598e-05,1.1961832185125163e-06,3.0011609897222926e-05,-5.579439866394958e-06,-1.0430025488177551e-05,1.1828591670471627e-05,3.797516623550943e-05,2.8516221354014544e-05,4.7489873983047486e-05,0.001325116428668238,-2.8616656709446373e-05,1.5022857851315224e-05,3.232026143531524e-05,0.0012427576815857932
0.00686999445024317,0.1177149351487102,-0.00197302623928109,-0.01707279815530194,-2.7035016886925792e-05,-3.73303827316073e-06,2.7291531888577554e-05,-3.12391823590729e-06,-9.366085274522159e-06,9.873318515790674e-06,3.915879710405338e-05,1.8818137470232404e-05,4.344575570162159e-05,0.001338243242893175,-4.382035559369428e-05,2.4212206089500542e-05,5.006450327405896e-05,0.0013217318428129358
0.006879948473019759,0.15398419184469372,-0.001272264662861162,-0.014802296006723102,-2.9553128626147365e-05,-1.2633811720009569e-06,2.9580120749912048e-05,-2.274994048457723e-06,-2.5110012657107494e-05,2.5212860479537357e-05,4.048644744876391e-05,6.0269382356035725e-06,4.093258373859757e-05,0.0013493958737883466,-5.2808098036191686e-05,1.0251740505206689e-05,5.3793990385415054e-05,0.0012943875952564723
0.006889917705454959,0.18937178818219755,-0.0005785268665885664,-0.012522582038658558,-3.1220266193608594e-05,3.4993009205926855e-06,3.141576241526919e-05,1.7848295842080864e-06,-2.994371874510664e-05,2.9996864985039936e-05,4.336463556405129e-05,-5.673931348937455e-06,4.3734255619084654e-05,0.0013141400493428775,-5.733841884384416e-05,2.1045593074333357e-06,5.737702889999279e-05,0.0012458913655088353
0.006899918176873109,0.22444346188583666,9.24512098932249e-05,-0.010239418606669902,-3.6161032696979505e-05,-3.2111553096393695e-05,4.836085325937222e-05,5.3900906578411255e-06,-3.575900246984837e-05,3.616295528490956e-05,4.809410430414533e-05,-1.5491428120545723e-05,5.052748968662548e-05,0.0012288706570577229,-7.190235802381345e-05,-2.3017316500623795e-05,7.549666183530593e-05,0.001345281054954847
0.00690998910762306,0.25969017928827104,0.0007319442434954439,-0.007968947096573689,-1.998698303994637e-05,-4.610290763173108e-05,5.024895604029035e-05,2.169132742535062e-05,-3.918945077442019e-05,4.479203877336319e-05,4.4424164186922244e-05,-2.655473211223068e-05,5.175577418278042e-05,0.0012552028559931288,-6.48050782308604e-05,-3.0339913781144077e-05,7.155563243208178e-05,0.001361240766857104
0.006919977001462202,0.2946498307796554,0.0013299055925706362,-0.005788486957369044,-1.0097758709223196e-05,-7.339047964638481e-05,7.408189545142671e-05,2.656492951468286e-05,-4.5315611795605335e-05,5.2528089176459426e-05,4.885676361735027e-05,-3.795964418335612e-05,6.18701700150294e-05,0.001185884598890179,-3.9589796235651085e-05,-1.7918701993583445e-05,4.3456091024334255e-05,0.001304880158557595
0.006929928977989079,0.3290432305350702,0.0018956589500568255,-0.003775609484125787,7.31611043945906e-06,-0.00010505568455938782,0.00010531012453797572,2.2929651057256376e-05,-6.111713392170865e-05,6.527689450649141e-05,4.404716854546816e-05,-4.6537841206067747e-05,6.407748216802885e-05,0.0012931405042175977,-2.2207945953447995e-05,-1.462439594161761e-05,2.6590709282162234e-05,0.0013841352019876916
0.006939939121703786,0.36241147763663073,0.0024407924916550637,-0.0019562179665442874,2.3403875247841183e-05,-0.00011540458557117893,0.00011775380990639783,1.7239980478188713e-05,-8.776685328639827e-05,8.944404654690265e-05,2.6069205316618196e-05,-4.3036432146116295e-05,5.031637862274338e-05,0.001409876070925312,-1.9699927343772016e-05,-2.1261339145435932e-05,2.898502509240147e-05,0.0014069816067284646
0.006949978615812636,0.3941396196314952,0.0029607381604427278,-0.00032669493036539723,3.7828797626596015e-05,-0.00011978025590369645,0.00012561181327498208,1.1062229541906367e-05,-0.00011574875233178345,0.0001162761651792936,1.0685193292941467e-05,-2.8862126774653888e-05,3.077654492732597e-05,0.0014510817385584075,-1.600157587205442e-05,-1.939118241383574e-05,2.5140970263610883e-05,0.0014437473501184195
0.006959982938863077,0.42350910577792705,0.0034605108847101515,0.001054544940517415,4.806280436824104e-05,-0.00011237940243114324,0.0001222258698251751,1.2015237608100932e-05,-0.00012670646800846117,0.00012727487957157264,1.372137163661071e-05,-2.2365197467985255e-05,2.6238866160182283e-05,0.0014119268635753462,-1.3942399163599055e-05,-1.2564568647713427e-06,1.3998899181369893e-05,0.0014065729533012535
0.00696993198649158,0.4497816833058828,0.003951018829077979,0.002164874555021054,5.297410266088187e-05,-0.00010318284733158919,0.00011598687656877262,1.916963088364077e-06,-0.0001375417222658432,0.00013755508028181473,2.250939601220192e-05,-1.9119287070170994e-05,2.953337174969596e-05,0.0013827673222318684,-1.1611881668360801e-05,3.836264826718328e-06,1.2229175103036584e-05,0.0014047004361817683
0.006979968268856902,0.472740622924948,0.004432054600696168,0.0030845093981644246,5.895550566605012e-05,-8.979928902176914e-05,0.00010742282791453079,-6.006909070039104e-06,-0.00013862215160837101,0.00013875223916431012,1.1988903137161629e-05,-2.317165126696263e-05,2.6089446542040226e-05,0.0014342242279938608,1.9442834991417744e-06,1.0091075231085126e-06,2.1905561664173732e-06,0.0014386547623611678
0.006989957631337206,0.4921794536431314,0.004884560411896021,0.0038818421775721423,6.437595293796094e-05,-5.9320378711985655e-05,8.753953762274487e-05,-1.0867189888458598e-07,-0.00013070400153098212,0.00013070404670779167,-7.925230318880927e-06,-5.548832551470469e-06,9.674648225727267e-06,0.001420863263001062,1.577685155932836e-05,2.1320629664292897e-05,2.6523165241105897e-05,0.001427379640741361
0.006999921255710294,0.5084758760053056,0.005296206548436867,0.004638288574219833,6.206825894370955e-05,-2.893993725925851e-05,6.848349244068383e-05,2.122187132857188e-06,-9.732638391797378e-05,9.734951815379308e-05,-1.369074546462105e-05,1.1967568372330267e-05,1.8184037068908585e-05,0.0013803113243473588,1.6317917637193035e-05,3.993477542214462e-05,4.314001302771409e-05,0.0014291093299819671
0.007009938406314257,0.5222066396772006,0.0056785140005226106,0.005372463409606337,5.736364648160214e-05,-1.8269812996891892e-05,6.0202774060732657e-05,1.3589031522685986e-06,-9.162680872176484e-05,9.163688500986994e-05,-1.9486340947808915e-05,1.1079545867259077e-05,2.2415927822844008e-05,0.0013963740047694506,7.201147375780296e-06,4.39227708607409e-05,4.450917123035271e-05,0.001429003516007448
0.007019931339764348,0.5335268790371183,0.006032320569179161,0.006052445273345149,5.2243696859040085e-05,-2.055049717962017e-05,5.6140242213842036e-05,1.259291732727411e-05,-8.424314655209388e-05,8.517916005578553e-05,-8.946450509897859e-06,4.728976404031192e-06,1.0119396946257986e-05,0.0014036160650265183,8.418473299449022e-06,4.8870313519617506e-05,4.959010219992741e-05,0.0014378518614713274
0.0070299490324546,0.5423732026784984,0.006351810122181347,0.006693349612873695,4.744644642291776e-05,-2.999365781474691e-05,5.613185180689244e-05,2.402283842993687e-05,-5.8559940994421116e-05,6.329584074408787e-05,-8.395664693993295e-07,1.988243516562469e-05,1.9900153265033134e-05,0.0013619314715169503,5.067690040215974e-06,6.434036608861672e-05,6.453963271324779e-05,0.0013504833111445303
0.0070399894856379664,0.548381564872935,0.006630753513787863,0.007256887627196712,4.81487918833688e-05,-3.3252125956740724e-05,5.851504114730597e-05,2.75769741067528e-05,-4.01667328750942e-05,4.872223240722542e-05,2.429635986171223e-06,2.1595058321303986e-05,2.1731306332703947e-05,0.0012887090508798857,7.056962049363976e-06,6.797502312881525e-05,6.834035764267796e-05,0.0012889460585234947
0.00704998561284428,0.5514813325123477,0.006883678037856686,0.007645881886074721,6.644356703915198e-05,-4.2658986231248005e-05,7.895908248684308e-05,2.8063383241803356e-05,-3.511612635745873e-05,4.495215021919794e-05,5.776523638723978e-07,1.7229872806171376e-05,1.7239553334420566e-05,0.0012891111316290847,5.1314842691825105e-06,6.0569927759030186e-05,6.078690878420289e-05,0.0012808322249683742
0.0070599314214313084,0.5520170940858699,0.007109544885008511,0.0077856263217140715,8.453118621882779e-05,-3.837043433352456e-05,9.28321693945879e-05,1.6116815750094257e-05,-1.2721698182740884e-05,2.053273860387939e-05,6.337745971070341e-06,5.118132968459654e-06,8.146306468372767e-06,0.001369088295572044,3.8780717634472515e-06,5.62136934576609e-05,5.63473049289344e-05,0.0012828343603611208
0.0070699888064780165,0.5508766080462406,0.007304193967924774,0.007591871314330598,9.049029254933278e-05,-1.7586484025432115e-05,9.218339040217934e-05,-3.563066852902818e-06,7.993748435855916e-06,8.751883194718934e-06,1.6476375991210842e-05,-1.0422595127410276e-05,1.949619078162874e-05,0.0014072948709767156,1.4194121790503389e-05,5.0871077816838295e-05,5.281419933739846e-05,0.0012828542877360246
0.00707996850933647,0.5491738398701513,0.007479084590291043,0.007010437997442975,9.337821885561145e-05,-1.252318885789835e-06,9.338661606053716e-05,-9.670764173517685e-06,2.0405810152158113e-05,2.258142527976727e-05,2.638391591210746e-05,-2.967334155167629e-05,3.970665205856062e-05,0.0013998040813589436,1.0042882306753042e-05,4.414648991956336e-05,4.5274408414085355e-05,0.0013148356812883112
0.007089923577128194,0.5480069208633412,0.007649985226095315,0.0060176295640107695,0.00010608406768287688,-6.600854850229801e-06,0.00010628923134964804,-7.705775151546895e-06,2.4099334531939843e-05,2.5301322012269355e-05,3.756789150618639e-05,-1.4453060632173846e-05,4.025217303274303e-05,0.001400805404792487,9.589224943586567e-07,9.149867686887191e-06,9.199978860721875e-06,0.0013611149587321775
0.007099950974420575,0.5482740526833283,0.007816296258375963,0.0047076202429170615,0.00011693247070517204,3.0876232107266933e-06,0.00011697322822897269,-5.617771872319394e-06,2.4090298839248975e-05,2.473665011624944e-05,3.801613658945685e-05,-7.456883067169774e-06,3.874056977208367e-05,0.0013932075928987475,4.1762853169179565e-06,-1.3031494189755523e-05,1.3684341411479637e-05,0.001381766697486009
0.007109953696705379,0.5506476514445989,0.007977996786127492,0.0032603616989594084,0.00011374482611788053,3.209954841515367e-05,0.0001181874209763614,6.2431542977893495e-06,2.3078081258712343e-05,2.3907630793738962e-05,3.096812724665184e-05,-5.428606573760045e-07,3.097288496182018e-05,0.0013542564474264,9.486690179927316e-06,-2.2551603033522804e-05,2.446573297392752e-05,0.0013748472976433655
0.007119960735343054,0.5553368292929893,0.008124152666129864,0.0018352476091657902,0.00010033098771908668,3.829248308945578e-05,0.00010739004310383612,1.8395022064859965e-05,3.3994289592824886e-05,3.8652148215688185e-05,2.048869810658688e-05,-1.9376131341129526e-06,2.058011406091676e-05,0.0012896656555245567,1.473252902843188e-05,-2.3901437504172227e-05,2.8077145979237967e-05,0.0013414430760417951
0.007129922177433195,0.5623091510062379,0.008240837901748583,0.000530838829095659,9.231899047386838e-05,4.3662456133786784e-05,0.00010212348445753824,2.2143524384639086e-05,2.6676346940815795e-05,3.466934032080619e-05,3.1615890623973295e-05,-1.5890980360619537e-07,3.16162899827403e-05,0.0011720939075031676,1.4345795991779764e-05,-1.6052780367350717e-05,2.1528901972933152e-05,0.001358755972399942
0.0071399526986644975,0.5712366579091409,0.008331420443427443,-0.0006071102425035099,9.150111141904881e-05,5.698050394882565e-05,0.00010779253787337656,2.7868849618284917e-05,1.644694451235297e-05,3.236007977182684e-05,3.37547902965941e-05,1.1055983718561928e-05,3.551929959827684e-05,0.00120236780705959,1.3591407141033685e-05,-1.2796714745072551e-05,1.8667679457824927e-05,0.001331234676417031
0.00714999608633104,0.5812863682587448,0.008399817672408725,-0.0015349061702919246,8.024356472703838e-05,6.388471088511343e-05,0.00010256844526937574,2.1842346932859826e-05,1.581975217043937e-05,2.696947678894665e-05,3.271707494370973e-05,3.213844219093507e-05,4.5861601142267096e-05,0.0013040626725399564,2.112578383806953e-05,7.517489266671344e-06,2.2423456193177684e-05,0.0013505083944557951
0.00715998588242417,0.5916202493230024,0.008482706016452655,-0.002301229005811916,6.96006133957751e-05,4.67687887844357e-05,8.385442736928865e-05,2.366087327232815e-05,2.805684128446172e-06,2.382664028850453e-05,3.535038929987864e-05,4.14948516483961e-05,5.4511216616173356e-05,0.001393890028084928,1.9743715821185042e-05,3.058022581034249e-05,3.640006215707948e-05,0.0013829238649451406
0.007169987769420124,0.6017289642716626,0.00861472018663622,-0.003049938742372691,6.513221760378381e-05,5.244016379662924e-05,8.36192355203272e-05,3.416659131849067e-05,2.1517396608198253e-05,4.037764628008007e-05,3.365767649087803e-05,5.220047569004703e-05,6.21106178445505e-05,0.0013565842457807877,2.4447017783162107e-05,4.3228083113562684e-05,4.9662096695199326e-05,0.0013868437124941965
0.00717992051263835,0.6116006605492728,0.008794201190841034,-0.0038112160317738597,7.515128243492991e-05,6.360431361787419e-05,9.845417188933896e-05,2.8335929587318138e-05,3.7411037400381686e-05,4.6930913318943714e-05,3.4300682484639244e-05,6.640722986448301e-05,7.474260496655386e-05,0.0013577081962813432,3.2945551457048974e-05,4.366782818026887e-05,5.470181513250311e-05,0.0013560575695872883
0.007189943330576465,0.6212779336407409,0.009027426916058475,-0.004578981284880967,7.47853180965226e-05,6.898647909066373e-05,0.00010174467111414068,1.1133064649590779e-05,3.332076229250622e-05,3.513144358328692e-05,1.6631062972070897e-05,4.853200405131322e-05,5.1302511369499945e-05,0.0013603830897432616,4.014747718101147e-05,5.303284720930168e-05,6.651543284926419e-05,0.001325444636009756
0.007199929617999025,0.6306743981599743,0.009309094022725188,-0.005308096375336596,7.082380094839812e-05,7.295743918926026e-05,0.00010167988352586232,-3.941170983345465e-06,2.2229947028842408e-05,2.25766112077323e-05,-1.1282700170309653e-05,2.9131667857924975e-05,3.124025280495605e-05,0.0013651449950898803,4.323415535279947e-05,4.5582318476207596e-05,6.282467625651894e-05,0.0013296906341563656
0.0072099733293646,0.6401352190977988,0.009627150329926962,-0.005926801282304496,7.447166539126335e-05,8.940649458168029e-05,0.00011635957296042435,-1.3817929497511247e-05,3.238179211504328e-05,3.52067555474808e-05,-3.2028596131582675e-05,3.543294843258688e-05,4.776321602223194e-05,0.0013314202769457869,4.734564533003388e-05,3.654585456633383e-05,5.9809778612706654e-05,0.001333177815174605
0.007219973862114793,0.6500627276565815,0.009977307423337385,-0.006400705757990249,7.666507025721331e-05,9.160704784838964e-05,0.00011945452780468643,-1.565140442124106e-05,4.115814950748675e-05,4.4033620464797986e-05,-3.0437986577009727e-05,3.310958564762529e-05,4.4974611600542577e-05,0.001326829895190821,4.329668179779006e-05,4.5053594500875676e-05,6.248543055903848e-05,0.001334462361392797
0.007229986255511472,0.6608307978666115,0.010334990097265745,-0.006794760791821309,8.129744695487299e-05,9.246478608796294e-05,0.00012312193771896676,-9.513536301866254e-06,3.965738970876587e-05,4.078254444587606e-05,-2.716011606772641e-05,3.295342974809481e-05,4.270363493866758e-05,0.0013177958005796161,3.1912588813935715e-05,4.6553496598763447e-05,5.6441486252387216e-05,0.0013300264602484186
0.007239939879449357,0.671985912481475,0.010664645367820587,-0.007113911752246368,6.893291813372688e-05,9.074523969307847e-05,0.00011395808759971956,-1.6268304889977252e-05,2.852870732163359e-05,3.28412071251452e-05,-2.3120001686722606e-05,4.868691736814323e-05,5.3897591790417346e-05,0.0012726812134875296,2.294098733816169e-05,5.222264398250615e-05,5.703940256150375e-05,0.0013425584444296756
0.0072499888321659834,0.682757136410488,0.010976073603323715,-0.007303546296688567,6.837236679227855e-05,6.072156101768452e-05,9.144336232445885e-05,-2.607200411352227e-05,1.911340678162919e-05,3.2327568997614884e-05,-2.7781051534649568e-05,6.326380885962792e-05,6.909483581135707e-05,0.0012458530940308026,1.7651474424679644e-05,4.02454394095062e-05,4.39462164768408e-05,0.0013548497007336616
0.007259951275355309,0.6921205822359923,0.011274860352545664,-0.007312134291659921,6.87581580278659e-05,3.7762847116615816e-05,7.844563032915141e-05,-3.5068818597553536e-05,6.002447025025983e-06,3.557880560272309e-05,-3.0222258045389804e-05,6.388237310393494e-05,7.067066205118273e-05,0.0012813198520038936,8.36680182340066e-06,2.878584645315562e-05,2.9977130095736526e-05,0.001364854014515885
0.0072699808830086286,0.6996182314737573,0.011563382467663613,-0.007157264638115083,8.309094543735261e-05,4.5078056091818545e-05,9.453113960325586e-05,-3.5301570739026955e-05,7.4940850328126695e-06,3.608825580603129e-05,-3.3701671336988646e-05,7.12936547476915e-05,7.88580234230445e-05,0.0012985954670954743,9.597537241623951e-06,3.166272092692592e-05,3.308535352086707e-05,0.001353017037490275
0.00727998241644575,0.7051654095190253,0.011825674893006309,-0.006856539465538639,9.172668171672851e-05,5.413430829981251e-05,0.00010650965906367913,-3.109291046574439e-05,1.045879694873323e-05,3.280480932493936e-05,-2.514578763783739e-05,7.897672460668925e-05,8.288325322722348e-05,0.0013167387011592609,5.0061346608764235e-06,3.480541014081166e-05,3.516358854430167e-05,0.0013384732880108983
0.007289918961943171,0.709318042708637,0.012061614090956269,-0.0064439933619649965,8.106067640404821e-05,4.819422686019114e-05,9.430544396657802e-05,-3.772130850544526e-05,7.503633428030155e-06,3.846039040344271e-05,-1.6636235508687518e-05,8.520794627867381e-05,8.68168096680008e-05,0.0013112183825659614,4.910488885816189e-06,1.8619392084676167e-05,1.9256029255810394e-05,0.0013987207384218493
0.007299991426820916,0.7128401982380531,0.012308212683099305,-0.005924409125554774,7.343151973091466e-05,3.839297557617999e-05,8.286258904707759e-05,-3.7891744818309425e-05,2.0675588786377104e-06,3.7948110955520735e-05,-2.323537278426241e-05,7.921600730549721e-05,8.255336675053435e-05,0.001328298514164486,1.2853367769126896e-05,1.165961763573096e-05,1.7353839529622214e-05,0.0013713312102597926
0.007309943975890922,0.7156334295284996,0.012573763969263036,-0.005319234757842134,6.77160962179609e-05,2.3051598819456627e-05,7.153213190681032e-05,-3.552346062809988e-05,-9.541931989570055e-06,3.6782668759753455e-05,-3.7950478865351094e-05,8.137923434655229e-05,8.979319923546847e-05,0.00136361580860592,2.1106905945186827e-05,2.6042723381662123e-05,3.3522006498906565e-05,0.0013715197196995693
0.0073199831732110145,0.7172993391941987,0.012864039965931552,-0.004630797021311386,5.735353769630112e-05,2.137370558377711e-05,6.120672819766646e-05,-3.387885853213318e-05,-1.9059118116293183e-05,3.8871931246223256e-05,-4.965903809617395e-05,9.108817063391247e-05,0.00010374524034417198,0.0013746951043934444,2.972441972028117e-05,3.0500653918485007e-05,4.258909504982038e-05,0.001399113920738279
0.0073299798848572035,0.7174149148701171,0.013190437867702156,-0.003856233964229385,4.4468765410532896e-05,2.4663978445948586e-05,5.0850594194357484e-05,-2.691792501753913e-05,-3.260366177645689e-05,4.2279704924271346e-05,-3.2653609970061576e-05,8.12025231794439e-05,8.75220430222297e-05,0.00136675426635911,2.8054783593571553e-05,3.784229156840396e-05,4.710742949504068e-05,0.0013714476027202618
0.00733999729061161,0.715598493617301,0.013570639595329077,-0.002992923513891189,3.6717285516458045e-05,3.17654978503644e-05,4.855106496647221e-05,-1.6541624529453017e-05,-3.946244308216206e-05,4.278913128454798e-05,-1.8837159277610333e-05,7.576658345239071e-05,7.807313070255443e-05,0.0013758762077728964,2.8183254181778545e-05,4.270059166056575e-05,5.116284144217476e-05,0.0013512916491885776
0.007349933007510087,0.7115344233300896,0.014006455787013698,-0.002094525820178584,4.0729294327357824e-05,3.4577375210994054e-05,5.342724298414067e-05,-6.0166465602859605e-06,-3.886002457036824e-05,3.932304089768522e-05,-4.442758062867443e-06,6.581541829008819e-05,6.596519827836833e-05,0.001393231981178729,3.1797730515602254e-05,3.506910270339269e-05,4.73385427570808e-05,0.0013189044339745166
0.007359991781789826,0.7049746079908372,0.014499606476143734,-0.0011783101872932323,3.4014011180110836e-05,2.802083595405942e-05,4.40694928961636e-05,-3.2146883906509875e-06,-5.2915589475967913e-05,5.301314771863818e-05,-5.1984711581275675e-06,5.447684245433061e-05,5.472431330017621e-05,0.0014049931527660687,1.9243443332878084e-05,3.125430008900449e-05,3.670342470886383e-05,0.0013781800187880103
0.007369976607936769,0.6958601650008829,0.015013484213738808,-0.0002443143397328785,3.273209752084356e-05,2.2739038931257456e-05,3.9855414934877484e-05,-1.1848781284246566e-05,-8.240725134208717e-05,8.325472173804822e-05,2.030241391896374e-06,3.9312128315353994e-05,3.936451844989631e-05,0.001382600868703,-5.976502962499094e-06,3.2628627366266054e-05,3.3171462305231685e-05,0.0014402001725311304
0.007379921737340566,0.6841386642966748,0.015534048238424235,0.0007404293766055478,3.536676000371209e-05,1.6193496104407093e-05,3.8897776661958674e-05,-1.1214931568945524e-05,-9.117732464347592e-05,9.186446113289912e-05,1.798707058368043e-05,1.6882209742095418e-05,2.4668678804475996e-05,0.0013600349710200768,-1.8071816101961993e-05,2.8180347165570788e-05,3.3477193783159696e-05,0.0014044733037354988
0.007389938203483179,0.6699698264981765,0.01606656552435468,0.0017584047849859234,3.924926739757185e-05,7.10609236079628e-06,3.988736065329798e-05,-1.536052588316586e-05,-9.842378112529486e-05,9.961519184545777e-05,2.3218423526736218e-05,1.2030121491387529e-05,2.6149933349139573e-05,0.0012969816535382066,-2.0656703422695468e-05,3.284702314954808e-05,3.8802401034989395e-05,0.0013515434023609438
0.007399918947176416,0.653533153549093,0.016595278467424247,0.0027349435776193656,3.103070946204557e-05,-2.353928521361777e-06,3.111986357941764e-05,-2.407118499842117e-05,-9.722652786167254e-05,0.00010016196716950404,1.4955635685792723e-05,-3.0899414643548847e-06,1.527150212059365e-05,0.001312002263873444,-2.5657316867328896e-05,4.724405201530322e-05,5.376149513969264e-05,0.0013625395590109606
0.007409966894378495,0.6343841020267214,0.0171045293580221,0.0035611050161120186,2.3112631710422733e-05,-1.8465906208301538e-05,2.9583499398743006e-05,-3.367996836521137e-05,-0.00011339562568634037,0.00011829162351526947,-2.8868779282954318e-06,-2.1960505059602752e-05,2.214944348388278e-05,0.0013694311288320912,-3.8895191558446324e-05,5.574691107502759e-05,6.797465719498163e-05,0.0013291279120040303
0.007419930336260066,0.612523914659628,0.017580798503157923,0.0041020329498977996,2.4601827955268545e-05,-3.628277400242535e-05,4.3837080514693336e-05,-4.7540930637879255e-05,-0.00011740605195062697,0.00012666617986088063,-6.915772390669409e-06,-1.1566142360800849e-05,1.3476036393163129e-05,0.0014448353348018137,-4.384368787481256e-05,6.239151511121419e-05,7.625595140273874e-05,0.001337673359650494
0.007429943469089849,0.5871124358254517,0.018043253217899183,0.004298222002392327,2.3264531884917023e-05,-3.9554468575050845e-05,4.5888935791528284e-05,-5.256628060275933e-05,-0.00011833072731055018,0.00012948117578340034,-5.874741128268172e-06,-1.7059963768220694e-05,1.8043141275763718e-05,0.0014688110602126075,-4.1606222636968636e-05,5.8075480033673065e-05,7.144115860803603e-05,0.0014264217273054131
0.007439957360402822,0.5582801753229281,0.01849660571230383,0.004154296028362464,2.1184842628739833e-05,-4.428654788143616e-05,4.909272736830996e-05,-5.012995048258922e-05,-0.00011155778886181989,0.00012230352485159712,-1.511011894743582e-05,-1.88161694162158e-05,2.413221759609742e-05,0.0014487070390965247,-3.750248241391197e-05,5.014818531319295e-05,6.262009803100053e-05,0.0014434835340944043
0.007449991610439264,0.5262784161029972,0.01892168563915554,0.0037227704678177756,1.0488895185335918e-05,-4.3844346247974095e-05,4.508152193661171e-05,-4.119032818032317e-05,-0.00011089281612158704,0.00011829564574817976,-2.684929520677994e-05,-2.07018730831358e-05,3.3903572116387364e-05,0.001398852214192507,-3.273140814548659e-05,1.8702182317133177e-05,3.769770155605929e-05,0.0014256986760402524
0.007459945264136783,0.491987057266973,0.01930651646451394,0.0030827072810961412,-1.0550991077819434e-05,-3.0819888012560726e-05,3.257589461290372e-05,-4.977904509066711e-05,-0.00011958495725192226,0.00012953190854412183,-3.589254200080429e-05,-1.1594749650284748e-05,3.77188651835163e-05,0.001456800448148984,-2.426999044751327e-05,-9.918508039980934e-07,2.429024916174754e-05,0.0013409436270758637
0.007469965289607259,0.455753784936995,0.019682012099019305,0.0023435713611020524,-2.077365550346398e-05,-2.2781468879893358e-05,3.083083014292915e-05,-4.6773018805715185e-05,-0.0001170189580418807,0.00012602044210923569,-4.1742997019788657e-05,9.755130545849838e-07,4.175439409108639e-05,0.0014726450833984282,-1.953503519447573e-05,-2.8231111341811643e-05,3.433093717979705e-05,0.001235494396047258
0.007479968236930811,0.41897719148093765,0.02007878205975121,0.001627718356886972,-1.3090085856968994e-05,-1.0101980748345872e-05,1.6534822732124173e-05,-3.384833208875835e-05,-0.00011252699304374553,0.00011750759017466924,-3.962056055163236e-05,-2.0880819164449502e-06,3.9675545421775245e-05,0.0014683105247197312,-1.4420362111454883e-05,-4.9992500383103054e-05,5.203073070772735e-05,0.001263504878107335
0.0074899472824245875,0.3825536340874166,0.02050901990543401,0.0010171478165626419,-7.62254952423394e-06,1.2727355720216531e-05,1.4835391632118361e-05,-1.7824980260023812e-05,-0.00011208324630911208,0.0001134917795457421,-2.4616700428029456e-05,-1.2561193222974125e-05,2.7636307914557557e-05,0.0014109208428478913,-7.479406300960519e-06,-5.637214001682472e-05,5.6866155916250736e-05,0.0012790613803520374
0.007499927262415824,0.34716852293013506,0.02098748200824639,0.000548023117082797,-1.9732591438940527e-05,4.680292837219958e-05,5.07926103789655e-05,-1.731197031145e-05,-0.00010423454789887966,0.0001056624119152519,-9.202887463947984e-06,-4.957579945532343e-06,1.0453264398762495e-05,0.0013559234595483757,-9.39015746657899e-06,-6.665357078100224e-05,6.731176386862274e-05,0.0014174953800617797
0.007509990595784646,0.3133059784514505,0.021530097259082448,0.00027174973628149525,-3.367244450152738e-05,4.245682102026645e-05,5.418869965089936e-05,-9.840331657819806e-06,-0.00010128405107439145,0.00010176095090542259,-2.820853340571028e-06,-2.733936639333989e-07,2.8340708644085904e-06,0.001410101887766199,-1.9271011311206473e-05,-6.780784021012929e-05,7.04930852702524e-05,0.001473244811199662
0.007519955298102691,0.2817834676926869,0.02211120495620622,0.00022192907868642892,-3.236065935422307e-05,2.6173943301260554e-05,4.162075902452606e-05,9.013131370629208e-06,-0.00010128372798500856,0.00010168397165554377,-6.329018540882081e-06,-5.510451422456689e-06,8.391754915992489e-06,0.0014469986942257282,-2.4179729525056203e-05,-6.368644353879221e-05,6.812211396106732e-05,0.0014127080097889257
0.0075299385531997064,0.25173637935599685,0.022722395819545983,0.00040258354028348975,-2.0474726349945394e-05,2.2895599609304676e-05,3.071519006248766e-05,2.6741975751650316e-05,-0.00010981571430867736,0.00011302488388061674,6.089936815851608e-06,5.346031349575892e-06,8.103541300673e-06,0.0014358035568467335,-2.0782612665985746e-05,-4.942094407389567e-05,5.361293409597646e-05,0.0013269766084564407
0.007539939831432424,0.22210345879882296,0.023349770214024065,0.0008137003894691522,-2.0968819951063325e-05,6.217352555709346e-06,2.1871142698590233e-05,3.103788918862793e-05,-0.00012426928710929626,0.0001280867139243499,2.2367383367398002e-05,5.006769770715446e-06,2.292089837334267e-05,0.0014571492036987255,-2.56336222218397e-05,-6.579036273165593e-05,7.060775040018521e-05,0.0013359836437941666
0.007549928577512889,0.19211840010735493,0.023981458701370646,0.0014557924715954745,-2.8872252091984973e-05,-1.8652803685985414e-05,3.437344943718977e-05,1.4805130518509308e-05,-0.00012743880439032633,0.00012829591090173512,3.1815106079211936e-05,7.724337577285259e-06,3.273937027249256e-05,0.001338608517420983,-3.9760430837019095e-05,-4.48114034339479e-05,5.9907877095298715e-05,0.0013913735630806385
0.007559913530641911,0.16084225536733854,0.02460381138989612,0.002322834491611998,-2.4947402631406938e-05,-2.682523720467661e-05,3.6632857507171015e-05,3.6735977219405636e-06,-0.00011237911773224992,0.00011243914541876213,2.4421624188112705e-05,9.744493088298959e-06,2.62939322569546e-05,0.0012816186013923886,-4.890173359950178e-05,-3.797732917001827e-05,6.191653317107282e-05,0.001369417418303947
0.007569945819074044,0.12810735683415633,0.025199556633951358,0.003370205378374241,-1.6587504539159782e-05,-1.9721018061457908e-05,2.5769436552183197e-05,5.7882342210493e-06,-8.848970951998196e-05,8.867881565700183e-05,2.1786900427789765e-05,-5.602291538840463e-06,2.2495659597722162e-05,0.00139590882431585,-5.590391999015139e-05,-4.213434071819425e-05,7.000393516097599e-05,0.0014244550458208049
0.007579936681663815,0.09507997084644455,0.025751287597044734,0.0044801216401276255,-2.141265308438188e-05,-2.163567450009367e-05,3.0440172850791965e-05,1.1429744254738e-05,-7.647626756240511e-05,7.732566555811396e-05,1.5255783877642093e-05,-2.1924961705434715e-05,2.6710351691920927e-05,0.001425301217631359,-5.8857524319323265e-05,-5.3568765231676385e-05,7.9585305034574e-05,0.001347837064108672
0.0075899551437865805,0.062347392086970856,0.02624512763714148,0.0055946400331131655,-3.0027830487442016e-05,-1.7565094506894086e-05,3.4787974198258126e-05,2.0936055000396643e-05,-5.772249253294379e-05,6.140199136180671e-05,1.9514132043629838e-05,-4.3517792461029086e-05,4.769276265952121e-05,0.001401076790596267,-6.163334923502036e-05,-5.018580399850743e-05,7.94813478805096e-05,0.0013105368575155366
0.007599919124325865,0.030790287084421716,0.02666687940770803,0.006656872851268995,-3.2995730670472116e-05,-4.802739298267906e-06,3.334343334519499e-05,1.9662860768831798e-05,-3.8778725366317765e-05,4.347893322806761e-05,1.8408157482959857e-05,-7.655021443226543e-05,7.873243036730969e-05,0.0013601844240121379,-6.710021433359165e-05,-4.091344855123432e-05,7.858975146905884e-05,0.0012560819914498784
0.00760994299832809,0.00109844152010741,0.02701707596606539,0.007624303021682733,-3.696414994225697e-05,1.4908358183522745e-05,3.9857339658861646e-05,3.5194121673618774e-06,-3.9736082180440784e-05,3.9891634324185295e-05,2.6443989182324082e-05,-7.101280719888139e-05,7.577666758402861e-05,0.0013426263763850793,-7.0369918240309e-05,-4.916839298957488e-05,8.584553723010329e-05,0.0012456029911547318
0.007619971311463703,-0.02609186462529095,0.02730662182283611,0.008529189597610483,-5.292422361388889e-05,1.9457351866864303e-05,5.638760490394926e-05,-1.3192670709465809e-05,-4.7824200684657614e-05,4.961049013640969e-05,3.563985442561757e-05,-5.482198023397695e-05,6.538844500562597e-05,0.001326844337458152,-6.708634128709627e-05,-5.7159474975400976e-05,8.813502576587952e-05,0.0011476352502426588
0.00762994367523308,-0.050550931834274594,0.02757073332806135,0.00943875960944403,-5.677723122757966e-05,9.342663049873134e-06,5.7540762410082056e-05,-1.9362136303851217e-05,-4.837320813427986e-05,5.210431448019705e-05,4.255075321240818e-05,-5.271619314473162e-05,6.77463181185215e-05,0.0012883371338423583,-4.9525283760066636e-05,-5.621626510093755e-05,7.492010540178124e-05,0.0009575648906681154
0.007639939471901827,-0.07272911882647894,0.02785411077316272,0.01035946212917373,-6.033693869051098e-05,-7.356330470173118e-06,6.078372947202959e-05,-2.05047871474095e-05,-6.245292342990371e-05,6.573289846722102e-05,3.924461509974645e-05,-3.979887865513386e-05,5.589356453594024e-05,0.001323851209817845,-3.090703919217767e-05,-4.455145655569669e-05,5.42224801430268e-05,0.0009409141462374854
0.007649947591854573,-0.09346477528978837,0.02819627812427812,0.011287773174534825,-6.512869983825486e-05,-2.9520868889838343e-05,7.150684752268501e-05,-3.3435813897893154e-05,-6.535609499133193e-05,7.341234775928739e-05,3.3932454624688765e-05,-2.7465600332322003e-05,4.365513347215203e-05,0.001365903292042878,-1.5029379657236867e-05,-3.7073104928063724e-05,4.000371685092009e-05,0.001033586328405793
0.007659938454179666,-0.11405699543600148,0.028621215217590167,0.012255566269044381,-8.111583576443301e-05,-5.4835301609707234e-05,9.791163932030773e-05,-3.143612033806734e-05,-7.235467538320319e-05,7.888871092696445e-05,2.5088455581175986e-05,-1.3347559161086751e-05,2.8418091755206773e-05,0.0012264277529221873,-1.1629509334114737e-05,-2.72217126881324e-05,2.960180955663843e-05,0.001125079110181892
0.00766992407906114,-0.13607154300636143,0.029119046086399758,0.013315870080128833,-8.100799047973959e-05,-6.744208846176264e-05,0.00010540744668973723,-2.371707073925422e-05,-8.251654743651636e-05,8.585732377202101e-05,1.9760717850423232e-05,2.668312150048943e-06,1.9940056662259868e-05,0.001138457388475987,-1.9288350173821596e-05,-1.4824028213860282e-05,2.4326780816895797e-05,0.0012303394311561533
0.007679965514677916,-0.16117186390820568,0.02967459873510155,0.0144564082051865,-7.077071583871377e-05,-7.688267109819531e-05,0.00010449612115058266,-1.830430795159198e-05,-9.375686827898597e-05,9.55269492817071e-05,2.167431993074324e-05,2.9394227667775684e-05,3.652118241028408e-05,0.0012775817259381085,-1.606440248334932e-05,1.1835575118217875e-05,1.995359279743921e-05,0.0012069764367769998
0.007689918763680668,-0.190177354723684,0.030282574174888787,0.015637700660103174,-6.830102595744214e-05,-7.277284744261416e-05,9.980439605420784e-05,-2.4493636498129807e-05,-8.916657764843728e-05,9.246954524835359e-05,3.53653039412404e-05,6.156211107786665e-05,7.099717067052675e-05,0.0012982602834149255,-1.8855240684057897e-05,5.021121540252817e-06,1.951234898149741e-05,0.0011883938073945833
0.007699942696630244,-0.2240703062198472,0.03095744576066199,0.016925850559591553,-6.800282864945694e-05,-6.557554081195301e-05,9.446976371891441e-05,-2.864900844527351e-05,-9.315640660051556e-05,9.74622069092319e-05,4.818467148586664e-05,7.203159164004448e-05,8.666206067477864e-05,0.001204019659795111,-2.787610689804487e-05,1.575946861662507e-06,2.7920618623196885e-05,0.0012133962501128972
0.0077099324046619,-0.2627830000877611,0.0316916563905101,0.01837217596483356,-6.343888408195377e-05,-6.553834436493202e-05,9.121275456678185e-05,-9.000029709109632e-06,-9.393101463269738e-05,9.436119989006533e-05,6.393252945395556e-05,7.002613382903726e-05,9.482103005885947e-05,0.0011269490954967328,-3.642695302606691e-05,1.704521804835378e-05,4.021768721693492e-05,0.0012354686193020424
0.007719967090889942,-0.3067800706862257,0.032479083078753995,0.019947147098497486,-5.8783472711967846e-05,-5.567057403019085e-05,8.096116029881013e-05,7.313560713657907e-06,-6.343293203395674e-05,6.3853152128434e-05,7.329010416962378e-05,7.399427460670728e-05,0.00010414697328183432,0.0011787773738780641,-4.4481872481248276e-05,2.5576935817933894e-05,5.1310979578183294e-05,0.0012627336132239194
0.007729968695914817,-0.3551536909792441,0.03330594095470597,0.021596039486161223,-4.603716749715554e-05,-2.3345275972256004e-05,5.16180462762971e-05,1.63182630914813e-05,-3.7459130914049114e-05,4.085917521388153e-05,8.071823475896689e-05,6.41222595630595e-05,0.0001030878149641172,0.001175031673454978,-3.528989260021912e-05,2.7448388571788954e-05,4.470783549807477e-05,0.0013727795780533662
0.0077399551151876925,-0.40645726776915064,0.03415988896800451,0.023315433680335305,-2.825093333859224e-05,4.941529814810299e-06,2.867985270904022e-05,1.952890726866427e-05,-1.50033404325359e-05,2.462678304697255e-05,7.583800376403984e-05,3.581792319612121e-05,8.387089147611201e-05,0.0011667606775372353,-2.6154325883518312e-05,1.3399800279283753e-05,2.9387130005258574e-05,0.0013459602901471379
0.0077499883530554245,-0.45966858792508447,0.035029605008236014,0.025093584069106306,-1.9449260656733552e-05,3.146993350335176e-05,3.699500580887838e-05,2.271418167035721e-05,1.3625422254031957e-05,2.648747214353723e-05,5.903337562165369e-05,4.003644013848318e-05,7.132920843700429e-05,0.00123303055584937,-1.9494316867337453e-05,-1.9474250327269753e-06,1.9591346415758393e-05,0.0011919498425718212
0.007759962495695265,-0.5130392527979399,0.03588775618954713,0.026902740653709956,1.5553063451240537e-07,4.2731735243797365e-05,4.27320182851719e-05,1.688870390284796e-05,2.6491547317787467e-05,3.141703994345496e-05,4.5030757844225404e-05,5.813626091738482e-05,7.353634465677169e-05,0.0013232879781120937,-1.8867823500405092e-05,-1.1213688402696051e-05,2.1948612057148362e-05,0.00097089726391745
0.0077699520338017315,-0.5663565758398574,0.03672517935279539,0.02872812702766435,1.1153436102138634e-05,3.701676123995454e-05,3.866057099397641e-05,-4.489063583513336e-06,3.78826615196973e-05,3.8147709442019975e-05,3.485926817419817e-05,4.708009101446156e-05,5.85807438291001e-05,0.0013077725466234123,-2.2443646948389535e-05,-1.9591588273593737e-05,2.9791737435503327e-05,0.0008993678994122828
0.0077799408352057205,-0.6188547501325071,0.037524752360597595,0.030533655791312557,9.584063515972411e-06,3.4156512679731137e-05,3.5475648435494835e-05,-2.90063063095535e-05,5.343555624330695e-05,6.080069470618953e-05,3.736685000418118e-05,2.226208720506615e-05,4.3495769977791456e-05,0.0012099497444556608,-2.473351832161519e-05,-2.4210237770365622e-05,3.461043977564158e-05,0.0010372020036799475
0.007789977068226982,-0.6697804908868787,0.03829063821810115,0.03224915408182644,1.679072910444699e-05,3.743461106190493e-05,4.1027779481895166e-05,-4.429817960640778e-05,6.834282934426427e-05,8.144366788904336e-05,1.649577770352443e-05,2.0870939320390172e-05,2.6602759070432944e-05,0.001212874198022983,-2.632576779928314e-05,-1.857946817759427e-05,3.22217735077387e-05,0.001184613436072348
0.00779996152378533,-0.7185117627977152,0.03900789351931441,0.033762131986999275,2.0208821563505886e-05,3.6411347669966114e-05,4.164351940132783e-05,-4.223946885018688e-05,7.438031019059335e-05,8.553714557310638e-05,-4.275787047600584e-06,1.5242367398376224e-05,1.5830733362150703e-05,0.0012395195735549033,-1.9061852370419e-05,-2.1656519674602163e-05,2.8850633618831997e-05,0.0011987162166370896
0.007809987647364741,-0.7655281458065066,0.03966649152773024,0.03497692277908296,1.5189002233381536e-05,1.8897798159270805e-05,2.424525859037615e-05,-4.3886481337288095e-05,7.802740385856613e-05,8.952261723763396e-05,-8.991641682939978e-06,-7.677197521112543e-06,1.1823239062649468e-05,0.0012770367256419069,-8.79866990615106e-06,-4.081266817121974e-05,4.175033503304495e-05,0.0011712382766421226
0.007819948049467583,-0.8101027406600961,0.040259086395102776,0.03579719621863513,2.0683017836890024e-05,1.9921663888240668e-05,2.871689257070032e-05,-3.850844608223672e-05,7.006049708777292e-05,7.994606726946842e-05,-5.304744493821179e-06,-2.020155043628461e-05,2.088642990495209e-05,0.0012788896119109252,-4.7034802073224007e-07,-4.804694902594516e-05,4.804925116963197e-05,0.0012652740575309954
0.007829991531495573,-0.852592475725079,0.04079244407267003,0.03625167588501184,2.445935622495893e-05,2.6038533975614712e-05,3.5724856312358755e-05,-2.8374222348537e-05,5.8009474043357404e-05,6.457705143989754e-05,-4.6135894569967105e-06,-1.7892542034124508e-05,1.8477777683493858e-05,0.0012862555482939775,6.336618594343183e-06,-3.978960682283071e-05,4.029101073844676e-05,0.0014349121141468382
0.007839987594380234,-0.8919696986076291,0.0412074908310236,0.03643009403933696,2.5112613323418406e-05,2.9295367027978742e-05,3.858577298999614e-05,-1.7661703999381773e-05,5.183688131680795e-05,5.476310850211674e-05,-2.6463842207516406e-06,-1.2180360090314358e-05,1.2464530531615141e-05,0.0013314833050963883,1.4089926653629755e-05,-4.3113105304607074e-05,4.5357092963623724e-05,0.0013603501627159112
0.007849973100140057,-0.928242484766027,0.041368475151386516,0.036401043639996924,2.215094825548658e-05,2.9183510318742252e-05,3.663798279301659e-05,-2.3592554879146334e-06,5.894919989330755e-05,5.899639187711725e-05,7.71680790131642e-06,-5.3717769962596825e-06,9.40239928334062e-06,0.0013473857718858478,2.791395624762577e-05,-4.064590054450905e-05,4.9307993109317344e-05,0.0011696868352930882
0.00785995978623916,-0.961452312455033,0.04121023985204559,0.036178657306787564,2.0335147808831812e-05,3.810868856442294e-05,4.319479575721151e-05,9.278205220116225e-06,6.193372473601476e-05,6.262484612183123e-05,7.922621093156094e-06,-5.121090656272994e-06,9.433636334706168e-06,0.001447312001571497,3.8070289489170835e-05,-4.1015912205427595e-05,5.596116506857783e-05,0.001193877971314148
0.007869951411755392,-0.9915180491579522,0.04083252042048685,0.03579883171456162,1.692875573568479e-05,3.941194827821891e-05,4.289387412957103e-05,2.253884437994737e-05,8.063456932308678e-05,8.372534428656099e-05,4.716025217033534e-06,9.455606269663448e-06,1.056642720008021e-05,0.0014877631287257965,3.5330221757436106e-05,-4.077151501593203e-05,5.3949430081549355e-05,0.0013398351270609466
0.007879977965168683,-1.018544271374636,0.04030875062452802,0.03528613040150235,6.5469039687740364e-06,4.7894304527634533e-05,4.833969753486406e-05,2.849309517722904e-05,8.541758502820418e-05,9.004454622479434e-05,6.811300079582564e-06,2.6431449267360054e-05,2.729496875153276e-05,0.0014626649710793899,2.2462664213567427e-05,-4.8232233086577466e-05,5.320638676032626e-05,0.0015140132029942779
0.007889911186727496,-1.042156953500341,0.03961012009171865,0.03472284177358169,-3.9180492949434514e-06,5.2410217694363093e-05,5.255646514985704e-05,3.354193529004571e-05,8.571639083455074e-05,9.204542943950593e-05,1.3028842091099279e-05,3.504425960817611e-05,3.7387843715839564e-05,0.0014310668958190287,8.737524475539716e-06,-5.872255750961883e-05,5.936904154886742e-05,0.0015350567202018855
0.007899993245311035,-1.0631918000054736,0.038654216587660245,0.034152260394268996,-6.0654262571957496e-06,3.9130905653804676e-05,3.959819658732506e-05,3.248170577819457e-05,9.967618170646938e-05,0.00010483512011650628,1.560475966632992e-05,5.506370425912585e-05,5.7232159237446136e-05,0.0014452307021550095,5.498850155073731e-06,-5.06493750918429e-05,5.0946997460322925e-05,0.001405415478555707
0.00790993341943276,-1.0813845132488717,0.037500630239004545,0.03357801891742408,-3.764313429307966e-06,2.6048624525717733e-05,2.631921152458583e-05,2.3609131815548016e-05,9.746393713818387e-05,0.00010028265127907109,1.520032192741568e-05,6.18601248285253e-05,6.370027339421555e-05,0.001459744947497749,1.4789572854895702e-05,-6.7570002516202e-05,6.916962270585125e-05,0.0013024752114000671
0.007919981077959683,-1.0973106275568614,0.03622560329290096,0.03299446391096521,-3.845235792056603e-06,1.2191782729282264e-05,1.2783794601546853e-05,1.5910134358402064e-05,8.244930830763182e-05,8.39703567677864e-05,7.025545621868837e-06,5.6613831853987035e-05,5.704808715878629e-05,0.0013911136170897376,2.5908424052647112e-05,-8.173311358208449e-05,8.57411703484021e-05,0.0012007560107289588
0.007929947111314254,-1.1108951297039649,0.03486876312710095,0.03241802018395939,-1.7788862184545465e-06,-3.8957210863717326e-06,4.282648591818954e-06,2.0547240398265196e-05,5.938630963511119e-05,6.284045560036465e-05,9.053565319189216e-07,4.51156815479098e-05,4.512476473049247e-05,0.0013661348072110664,1.7762598924644936e-05,-8.288537980306826e-05,8.476730564112955e-05,0.0011939665820710327
0.00793997206952037,-1.1228214976963469,0.03333924116197577,0.03183835578440311,-3.4582277290348684e-06,-8.085205703846019e-07,3.5514848357554204e-06,2.275883400695497e-05,4.172631918819856e-05,4.75294670530983e-05,-8.536242937076666e-07,4.690133873448154e-05,4.690910625370501e-05,0.0014669662852874366,1.985394735517833e-05,-7.557296822232053e-05,7.813739662616141e-05,0.0014173447766357614
0.007949995462996032,-1.1333259243753613,0.03171318153508108,0.03126636153554952,-1.392693060628435e-05,-5.432275668806615e-06,1.4948880060197422e-05,2.154950812132588e-05,1.400272461963676e-05,2.5699369584572916e-05,-8.427804773308845e-06,4.1364572228113315e-05,4.2214401913468e-05,0.0015003034803428837,2.8834765164861368e-05,-7.260317899346492e-05,7.811955761568167e-05,0.001499454405796003
0.00795992987484983,-1.1421809453151273,0.030116433452863668,0.03074462214427277,-1.5972199965387512e-05,6.469224775363982e-06,1.7232586600058276e-05,1.9404512051143883e-05,9.304778584255857e-07,1.942680820382001e-05,-1.0408026860310448e-05,2.7836080637054785e-05,2.9718250425581248e-05,0.001416922238003574,3.7302077511322064e-05,-7.212390918443188e-05,8.119915801721628e-05,0.0014602842859104842
0.007969920709021281,-1.149489032593422,0.028638120858409288,0.030261226249854327,-1.1929068372014146e-05,1.1841779831178026e-07,1.1929656114035527e-05,2.066944981722347e-05,1.7860045097302847e-05,2.7316796419500048e-05,-1.523353137844972e-05,8.564117330599707e-06,1.7475828561487163e-05,0.0014097848587637817,4.5465865697239445e-05,-6.792054814542396e-05,8.173338243321556e-05,0.0014470423175713646
0.007979997262565321,-1.1547700001474401,0.027362517015526323,0.029727468570867055,-8.872260827352818e-06,1.0126692258702626e-05,1.3463539961356634e-05,4.45967643052797e-06,3.457010510017596e-05,3.485657585739337e-05,-1.9442363369787572e-05,-2.0151913443887292e-05,2.8001876880894663e-05,0.001531613964092088,5.45959505186544e-05,-7.72756367002265e-05,9.46162873952511e-05,0.0014412526536679462
0.007989950705612271,-1.1569002240845168,0.026269312404886534,0.029018981340026097,-1.4198190355944537e-06,2.125839409770426e-05,2.1305755224988944e-05,-6.62530193977582e-06,3.609927629122465e-05,3.670221212057076e-05,-1.2097614112425991e-05,-3.16136130993053e-05,3.384926587690989e-05,0.0014686854196638128,6.653594608028723e-05,-9.406648246654609e-05,0.00011521950895758892,0.0014365500057959128
0.00799995957119621,-1.1547779001150458,0.02517760477862771,0.028088344093092795,8.780257944821651e-06,3.7243431521422886e-05,3.8264423699678524e-05,-2.5350606823004544e-06,4.226064961292828e-05,4.233661581148924e-05,-8.720347590872312e-06,-5.3824908672258014e-05,5.4526738905628205e-05,0.001431109257527354,6.032610185125002e-05,-9.665186382770874e-05,0.00011393340750603988,0.0014980379229171596
0.008000049102938512,-1.1547349365752884,0.025167254327333962,0.028078918884756998,8.945566460989013e-06,3.7312898144613035e-05,3.837024273129164e-05,-2.4752100758361137e-06,4.2275500523288e-05,4.234789970487373e-05,-8.746730996045393e-06,-5.4030081527150925e-05,5.473349077984846e-05,0.0014314743755969345,6.0229135345566306e-05,-9.668308996574455e-05,0.00011390859769920268,0.001498665951433787
